number of simulations:  3000
number of collision:  2844
number of points that reached the boundaries:  2366
number of particles that reached the boundaries and collided with the wall 2281
boundary was 5

collision within the boundary 2844
Hitting density of particle with x-axis and density
0.0 , 0.1 , 736.0
0.1 , 0.2 , 11.0
0.2 , 0.3 , 13.0
0.3 , 0.4 , 8.0
0.4 , 0.5 , 13.0
0.5 , 0.6 , 15.0
0.6 , 0.7 , 17.0
0.7 , 0.8 , 12.0
0.8 , 0.9 , 14.0
0.9 , 1.0 , 12.0
1.0 , 1.1 , 17.0
1.1 , 1.2 , 13.0
1.2 , 1.3 , 18.0
1.3 , 1.4 , 11.0
1.4 , 1.5 , 8.0
1.5 , 1.6 , 23.0
1.6 , 1.7 , 15.0
1.7 , 1.8 , 11.0
1.8 , 1.9 , 10.0
1.9 , 2.0 , 16.0
2.0 , 2.1 , 21.0
2.1 , 2.2 , 16.0
2.2 , 2.3 , 15.0
2.3 , 2.4 , 16.0
2.4 , 2.5 , 24.0
2.5 , 2.6 , 21.0
2.6 , 2.7 , 12.0
2.7 , 2.8 , 20.0
2.8 , 2.9 , 21.0
2.9 , 3.0 , 18.0
3.0 , 3.1 , 17.0
3.1 , 3.2 , 14.0
3.2 , 3.3 , 16.0
3.3 , 3.4 , 19.0
3.4 , 3.5 , 17.0
3.5 , 3.6 , 19.0
3.6 , 3.7 , 14.0
3.7 , 3.8 , 17.0
3.8 , 3.9 , 16.0
3.9 , 4.0 , 26.0
4.0 , 4.1 , 7.0
4.1 , 4.2 , 16.0
4.2 , 4.3 , 17.0
4.3 , 4.4 , 15.0
4.4 , 4.5 , 24.0
4.5 , 4.6 , 23.0
4.6 , 4.7 , 21.0
4.7 , 4.8 , 23.0
4.8 , 4.9 , 17.0
4.9 , 5.0 , 19.0
5.0 , 5.1 , 12.0
5.1 , 5.2 , 10.0
5.2 , 5.3 , 14.0
5.3 , 5.4 , 21.0
5.4 , 5.5 , 14.0
5.5 , 5.6 , 15.0
5.6 , 5.7 , 2.0
5.7 , 5.8 , 13.0
5.8 , 5.9 , 15.0
5.9 , 6.0 , 23.0
6.0 , 6.1 , 6.0
6.1 , 6.2 , 14.0
6.2 , 6.3 , 17.0
6.3 , 6.4 , 9.0
6.4 , 6.5 , 15.0
6.5 , 6.6 , 16.0
6.6 , 6.7 , 14.0
6.7 , 6.8 , 11.0
6.8 , 6.9 , 10.0
6.9 , 7.0 , 10.0
7.0 , 7.1 , 5.0
7.1 , 7.2 , 12.0
7.2 , 7.3 , 5.0
7.3 , 7.4 , 6.0
7.4 , 7.5 , 11.0
7.5 , 7.6 , 11.0
7.6 , 7.7 , 3.0
7.7 , 7.8 , 8.0
7.8 , 7.9 , 11.0
7.9 , 8.0 , 6.0
8.0 , 8.1 , 8.0
8.1 , 8.2 , 8.0
8.2 , 8.3 , 4.0
8.3 , 8.4 , 9.0
8.4 , 8.5 , 1.0
8.5 , 8.6 , 7.0
8.6 , 8.7 , 3.0
8.7 , 8.8 , 6.0
8.8 , 8.9 , 5.0
8.9 , 9.0 , 3.0
9.0 , 9.1 , 5.0
9.1 , 9.2 , 2.0
9.2 , 9.3 , 6.0
9.3 , 9.4 , 7.0
9.4 , 9.5 , 2.0
9.5 , 9.6 , 3.0
9.6 , 9.7 , 0.0
9.7 , 9.8 , 4.0
9.8 , 9.9 , 4.0
9.9 , 10.0 , 1.0
10.0 , 10.1 , 3.0
10.1 , 10.2 , 2.0
10.2 , 10.3 , 7.0
10.3 , 10.4 , 5.0
10.4 , 10.5 , 1.0
10.5 , 10.6 , 1.0
10.6 , 10.7 , 5.0
10.7 , 10.8 , 0.0
10.8 , 10.9 , 4.0
10.9 , 11.0 , 3.0
11.0 , 11.1 , 2.0
11.1 , 11.2 , 6.0
11.2 , 11.3 , 1.0
11.3 , 11.4 , 3.0
11.4 , 11.5 , 3.0
11.5 , 11.6 , 4.0
11.6 , 11.7 , 2.0
11.7 , 11.8 , 5.0
11.8 , 11.9 , 2.0
11.9 , 12.0 , 0.0
12.0 , 12.1 , 4.0
12.1 , 12.2 , 1.0
12.2 , 12.3 , 3.0
12.3 , 12.4 , 3.0
12.4 , 12.5 , 2.0
12.5 , 12.6 , 2.0
12.6 , 12.7 , 1.0
12.7 , 12.8 , 0.0
12.8 , 12.9 , 2.0
12.9 , 13.0 , 0.0
13.0 , 13.1 , 2.0
13.1 , 13.2 , 2.0
13.2 , 13.3 , 2.0
13.3 , 13.4 , 2.0
13.4 , 13.5 , 0.0
13.5 , 13.6 , 2.0
13.6 , 13.7 , 3.0
13.7 , 13.8 , 2.0
13.8 , 13.9 , 0.0
13.9 , 14.0 , 2.0
14.0 , 14.1 , 3.0
14.1 , 14.2 , 1.0
14.2 , 14.3 , 1.0
14.3 , 14.4 , 1.0
14.4 , 14.5 , 0.0
14.5 , 14.6 , 0.0
14.6 , 14.7 , 2.0
14.7 , 14.8 , 1.0
14.8 , 14.9 , 0.0
14.9 , 15.0 , 0.0
15.0 , 15.1 , 2.0
15.1 , 15.2 , 0.0
15.2 , 15.3 , 0.0
15.3 , 15.4 , 1.0
15.4 , 15.5 , 1.0
15.5 , 15.6 , 0.0
15.6 , 15.7 , 1.0
15.7 , 15.8 , 1.0
15.8 , 15.9 , 1.0
15.9 , 16.0 , 4.0
16.0 , 16.1 , 3.0
16.1 , 16.2 , 1.0
16.2 , 16.3 , 2.0
16.3 , 16.4 , 0.0
16.4 , 16.5 , 4.0
16.5 , 16.6 , 1.0
16.6 , 16.7 , 1.0
16.7 , 16.8 , 0.0
16.8 , 16.9 , 0.0
16.9 , 17.0 , 1.0
17.0 , 17.1 , 1.0
17.1 , 17.2 , 0.0
17.2 , 17.3 , 1.0
17.3 , 17.4 , 1.0
17.4 , 17.5 , 1.0
17.5 , 17.6 , 2.0
17.6 , 17.7 , 0.0
17.7 , 17.8 , 2.0
17.8 , 17.9 , 0.0
17.9 , 18.0 , 1.0
18.0 , 18.1 , 0.0
18.1 , 18.2 , 0.0
18.2 , 18.3 , 2.0
18.3 , 18.4 , 0.0
18.4 , 18.5 , 0.0
18.5 , 18.6 , 2.0
18.6 , 18.7 , 1.0
18.7 , 18.8 , 2.0
18.8 , 18.9 , 1.0
18.9 , 19.0 , 1.0
19.0 , 19.1 , 1.0
19.1 , 19.2 , 1.0
19.2 , 19.3 , 1.0
19.3 , 19.4 , 1.0
19.4 , 19.5 , 0.0
19.5 , 19.6 , 2.0
19.6 , 19.7 , 1.0
19.7 , 19.8 , 0.0
19.8 , 19.9 , 0.0
19.9 , 20.0 , 0.0
20.0 , 20.1 , 0.0
20.1 , 20.2 , 0.0
20.2 , 20.3 , 1.0
20.3 , 20.4 , 0.0
20.4 , 20.5 , 0.0
20.5 , 20.6 , 0.0
20.6 , 20.7 , 1.0
20.7 , 20.8 , 0.0
20.8 , 20.9 , 0.0
20.9 , 21.0 , 0.0
21.0 , 21.1 , 0.0
21.1 , 21.2 , 1.0
21.2 , 21.3 , 1.0
21.3 , 21.4 , 0.0
21.4 , 21.5 , 0.0
21.5 , 21.6 , 0.0
21.6 , 21.7 , 1.0
21.7 , 21.8 , 0.0
21.8 , 21.9 , 0.0
21.9 , 22.0 , 1.0
22.0 , 22.1 , 0.0
22.1 , 22.2 , 1.0
22.2 , 22.3 , 1.0
22.3 , 22.4 , 1.0
22.4 , 22.5 , 0.0
22.5 , 22.6 , 1.0
22.6 , 22.7 , 1.0
22.7 , 22.8 , 0.0
22.8 , 22.9 , 0.0
22.9 , 23.0 , 0.0
23.0 , 23.1 , 0.0
23.1 , 23.2 , 0.0
23.2 , 23.3 , 0.0
23.3 , 23.4 , 0.0
23.4 , 23.5 , 0.0
23.5 , 23.6 , 0.0
23.6 , 23.7 , 0.0
23.7 , 23.8 , 0.0
23.8 , 23.9 , 1.0
23.9 , 24.0 , 1.0
24.0 , 24.1 , 1.0
24.1 , 24.2 , 1.0
24.2 , 24.3 , 0.0
24.3 , 24.4 , 0.0
24.4 , 24.5 , 1.0
24.5 , 24.6 , 0.0
24.6 , 24.7 , 1.0
24.7 , 24.8 , 1.0
24.8 , 24.9 , 0.0
24.9 , 25.0 , 0.0
25.0 , 25.1 , 0.0
25.1 , 25.2 , 0.0
25.2 , 25.3 , 0.0
25.3 , 25.4 , 0.0
25.4 , 25.5 , 0.0
25.5 , 25.6 , 1.0
25.6 , 25.7 , 1.0
25.7 , 25.8 , 0.0
25.8 , 25.9 , 0.0
25.9 , 26.0 , 1.0
26.0 , 26.1 , 0.0
26.1 , 26.2 , 0.0
26.2 , 26.3 , 1.0
26.3 , 26.4 , 0.0
26.4 , 26.5 , 0.0
26.5 , 26.6 , 0.0
26.6 , 26.7 , 0.0
26.7 , 26.8 , 0.0
26.8 , 26.9 , 0.0
26.9 , 27.0 , 0.0
27.0 , 27.1 , 0.0
27.1 , 27.2 , 0.0
27.2 , 27.3 , 0.0
27.3 , 27.4 , 0.0
27.4 , 27.5 , 0.0
27.5 , 27.6 , 1.0
27.6 , 27.7 , 0.0
27.7 , 27.8 , 0.0
27.8 , 27.9 , 1.0
27.9 , 28.0 , 0.0
28.0 , 28.1 , 0.0
28.1 , 28.2 , 0.0
28.2 , 28.3 , 1.0
28.3 , 28.4 , 0.0
28.4 , 28.5 , 0.0
28.5 , 28.6 , 0.0
28.6 , 28.7 , 0.0
28.7 , 28.8 , 0.0
28.8 , 28.9 , 0.0
28.9 , 29.0 , 1.0
29.0 , 29.1 , 1.0
29.1 , 29.2 , 1.0
29.2 , 29.3 , 0.0
29.3 , 29.4 , 0.0
29.4 , 29.5 , 0.0
29.5 , 29.6 , 0.0
29.6 , 29.7 , 0.0
29.7 , 29.8 , 0.0
29.8 , 29.9 , 0.0
29.9 , 30.0 , 0.0
30.0 , 30.1 , 0.0
30.1 , 30.2 , 1.0
30.2 , 30.3 , 0.0
30.3 , 30.4 , 0.0
30.4 , 30.5 , 0.0
30.5 , 30.6 , 0.0
30.6 , 30.7 , 1.0
30.7 , 30.8 , 0.0
30.8 , 30.9 , 0.0
30.9 , 31.0 , 1.0
31.0 , 31.1 , 2.0
31.1 , 31.2 , 0.0
31.2 , 31.3 , 0.0
31.3 , 31.4 , 0.0
31.4 , 31.5 , 0.0
31.5 , 31.6 , 0.0
31.6 , 31.7 , 0.0
31.7 , 31.8 , 0.0
31.8 , 31.9 , 0.0
31.9 , 32.0 , 0.0
32.0 , 32.1 , 0.0
32.1 , 32.2 , 0.0
32.2 , 32.3 , 1.0
32.3 , 32.4 , 0.0
32.4 , 32.5 , 0.0
32.5 , 32.6 , 0.0
32.6 , 32.7 , 1.0
32.7 , 32.8 , 0.0
32.8 , 32.9 , 0.0
32.9 , 33.0 , 0.0
33.0 , 33.1 , 1.0
33.1 , 33.2 , 1.0
33.2 , 33.3 , 0.0
33.3 , 33.4 , 0.0
33.4 , 33.5 , 0.0
33.5 , 33.6 , 0.0
33.6 , 33.7 , 0.0
33.7 , 33.8 , 0.0
33.8 , 33.9 , 0.0
33.9 , 34.0 , 0.0
34.0 , 34.1 , 0.0
34.1 , 34.2 , 0.0
34.2 , 34.3 , 0.0
34.3 , 34.4 , 0.0
34.4 , 34.5 , 0.0
34.5 , 34.6 , 0.0
34.6 , 34.7 , 0.0
34.7 , 34.8 , 0.0
34.8 , 34.9 , 0.0
34.9 , 35.0 , 0.0
35.0 , 35.1 , 0.0
35.1 , 35.2 , 0.0
35.2 , 35.3 , 0.0
35.3 , 35.4 , 0.0
35.4 , 35.5 , 0.0
35.5 , 35.6 , 1.0
35.6 , 35.7 , 0.0
35.7 , 35.8 , 0.0
35.8 , 35.9 , 1.0
35.9 , 36.0 , 0.0
36.0 , 36.1 , 0.0
36.1 , 36.2 , 0.0
36.2 , 36.3 , 0.0
36.3 , 36.4 , 0.0
36.4 , 36.5 , 0.0
36.5 , 36.6 , 0.0
36.6 , 36.7 , 0.0
36.7 , 36.8 , 0.0
36.8 , 36.9 , 0.0
36.9 , 37.0 , 0.0
37.0 , 37.1 , 0.0
37.1 , 37.2 , 0.0
37.2 , 37.3 , 0.0
37.3 , 37.4 , 0.0
37.4 , 37.5 , 0.0
37.5 , 37.6 , 0.0
37.6 , 37.7 , 0.0
37.7 , 37.8 , 0.0
37.8 , 37.9 , 0.0
37.9 , 38.0 , 0.0
38.0 , 38.1 , 0.0
38.1 , 38.2 , 1.0
38.2 , 38.3 , 0.0
38.3 , 38.4 , 0.0
38.4 , 38.5 , 0.0
38.5 , 38.6 , 0.0
38.6 , 38.7 , 0.0
38.7 , 38.8 , 0.0
38.8 , 38.9 , 0.0
38.9 , 39.0 , 0.0
39.0 , 39.1 , 0.0
39.1 , 39.2 , 0.0
39.2 , 39.3 , 0.0
39.3 , 39.4 , 0.0
39.4 , 39.5 , 0.0
39.5 , 39.6 , 0.0
39.6 , 39.7 , 0.0
39.7 , 39.8 , 0.0
39.8 , 39.9 , 0.0
39.9 , 40.0 , 0.0
40.0 , 40.1 , 0.0
40.1 , 40.2 , 0.0
40.2 , 40.3 , 0.0
40.3 , 40.4 , 0.0
40.4 , 40.5 , 0.0
40.5 , 40.6 , 0.0
40.6 , 40.7 , 0.0
40.7 , 40.8 , 0.0
40.8 , 40.9 , 0.0
40.9 , 41.0 , 0.0
41.0 , 41.1 , 0.0
41.1 , 41.2 , 0.0
41.2 , 41.3 , 0.0
41.3 , 41.4 , 0.0
41.4 , 41.5 , 0.0
41.5 , 41.6 , 0.0
41.6 , 41.7 , 0.0
41.7 , 41.8 , 0.0
41.8 , 41.9 , 0.0
41.9 , 42.0 , 0.0
42.0 , 42.1 , 0.0
42.1 , 42.2 , 0.0
42.2 , 42.3 , 0.0
42.3 , 42.4 , 0.0
42.4 , 42.5 , 0.0
42.5 , 42.6 , 0.0
42.6 , 42.7 , 0.0
42.7 , 42.8 , 0.0
42.8 , 42.9 , 0.0
42.9 , 43.0 , 0.0
43.0 , 43.1 , 0.0
43.1 , 43.2 , 0.0
43.2 , 43.3 , 0.0
43.3 , 43.4 , 0.0
43.4 , 43.5 , 0.0
43.5 , 43.6 , 0.0
43.6 , 43.7 , 0.0
43.7 , 43.8 , 1.0
43.8 , 43.9 , 0.0
43.9 , 44.0 , 0.0
44.0 , 44.1 , 0.0
44.1 , 44.2 , 0.0
44.2 , 44.3 , 0.0
44.3 , 44.4 , 0.0
44.4 , 44.5 , 0.0
44.5 , 44.6 , 0.0
44.6 , 44.7 , 0.0
44.7 , 44.8 , 0.0
44.8 , 44.9 , 0.0
44.9 , 45.0 , 0.0
45.0 , 45.1 , 1.0
45.1 , 45.2 , 0.0
45.2 , 45.3 , 1.0
45.3 , 45.4 , 0.0
45.4 , 45.5 , 0.0
45.5 , 45.6 , 0.0
45.6 , 45.7 , 1.0
45.7 , 45.8 , 0.0
45.8 , 45.9 , 0.0
45.9 , 46.0 , 0.0
46.0 , 46.1 , 0.0
46.1 , 46.2 , 0.0
46.2 , 46.3 , 0.0
46.3 , 46.4 , 0.0
46.4 , 46.5 , 0.0
46.5 , 46.6 , 0.0
46.6 , 46.7 , 0.0
46.7 , 46.8 , 0.0
46.8 , 46.9 , 0.0
46.9 , 47.0 , 0.0
47.0 , 47.1 , 0.0
47.1 , 47.2 , 0.0
47.2 , 47.3 , 0.0
47.3 , 47.4 , 0.0
47.4 , 47.5 , 0.0
47.5 , 47.6 , 0.0
47.6 , 47.7 , 0.0
47.7 , 47.8 , 0.0
47.8 , 47.9 , 0.0
47.9 , 48.0 , 0.0
48.0 , 48.1 , 0.0
48.1 , 48.2 , 0.0
48.2 , 48.3 , 0.0
48.3 , 48.4 , 0.0
48.4 , 48.5 , 0.0
48.5 , 48.6 , 0.0
48.6 , 48.7 , 0.0
48.7 , 48.8 , 0.0
48.8 , 48.9 , 0.0
48.9 , 49.0 , 0.0
49.0 , 49.1 , 0.0
49.1 , 49.2 , 0.0
49.2 , 49.3 , 0.0
49.3 , 49.4 , 0.0
49.4 , 49.5 , 0.0
49.5 , 49.6 , 0.0
49.6 , 49.7 , 0.0
49.7 , 49.8 , 0.0
49.8 , 49.9 , 0.0
49.9 , 50.0 , 0.0
50.0 , 50.1 , 0.0
50.1 , 50.2 , 0.0
50.2 , 50.3 , 0.0
50.3 , 50.4 , 0.0
50.4 , 50.5 , 0.0
50.5 , 50.6 , 0.0
50.6 , 50.7 , 0.0
50.7 , 50.8 , 0.0
50.8 , 50.9 , 0.0
50.9 , 51.0 , 0.0
51.0 , 51.1 , 0.0
51.1 , 51.2 , 0.0
51.2 , 51.3 , 0.0
51.3 , 51.4 , 0.0
51.4 , 51.5 , 0.0
51.5 , 51.6 , 0.0
51.6 , 51.7 , 0.0
51.7 , 51.8 , 0.0
51.8 , 51.9 , 0.0
51.9 , 52.0 , 0.0
52.0 , 52.1 , 0.0
52.1 , 52.2 , 0.0
52.2 , 52.3 , 0.0
52.3 , 52.4 , 0.0
52.4 , 52.5 , 0.0
52.5 , 52.6 , 0.0
52.6 , 52.7 , 0.0
52.7 , 52.8 , 0.0
52.8 , 52.9 , 0.0
52.9 , 53.0 , 0.0
53.0 , 53.1 , 0.0
53.1 , 53.2 , 0.0
53.2 , 53.3 , 0.0
53.3 , 53.4 , 0.0
53.4 , 53.5 , 0.0
53.5 , 53.6 , 0.0
53.6 , 53.7 , 0.0
53.7 , 53.8 , 0.0
53.8 , 53.9 , 0.0
53.9 , 54.0 , 0.0
54.0 , 54.1 , 0.0
54.1 , 54.2 , 0.0
54.2 , 54.3 , 0.0
54.3 , 54.4 , 0.0
54.4 , 54.5 , 0.0
54.5 , 54.6 , 0.0
54.6 , 54.7 , 0.0
54.7 , 54.8 , 0.0
54.8 , 54.9 , 0.0
54.9 , 55.0 , 0.0
55.0 , 55.1 , 0.0
55.1 , 55.2 , 0.0
55.2 , 55.3 , 0.0
55.3 , 55.4 , 0.0
55.4 , 55.5 , 0.0
55.5 , 55.6 , 0.0
55.6 , 55.7 , 0.0
55.7 , 55.8 , 0.0
55.8 , 55.9 , 0.0
55.9 , 56.0 , 0.0
56.0 , 56.1 , 0.0
56.1 , 56.2 , 0.0
56.2 , 56.3 , 0.0
56.3 , 56.4 , 0.0
56.4 , 56.5 , 0.0
56.5 , 56.6 , 0.0
56.6 , 56.7 , 0.0
56.7 , 56.8 , 0.0
56.8 , 56.9 , 0.0
56.9 , 57.0 , 0.0
57.0 , 57.1 , 1.0
57.1 , 57.2 , 0.0
57.2 , 57.3 , 0.0
57.3 , 57.4 , 0.0
57.4 , 57.5 , 0.0
57.5 , 57.6 , 0.0
57.6 , 57.7 , 0.0
57.7 , 57.8 , 0.0
57.8 , 57.9 , 0.0
57.9 , 58.0 , 0.0
58.0 , 58.1 , 0.0
58.1 , 58.2 , 0.0
58.2 , 58.3 , 0.0
58.3 , 58.4 , 0.0
58.4 , 58.5 , 0.0
58.5 , 58.6 , 1.0
58.6 , 58.7 , 0.0
58.7 , 58.8 , 0.0
58.8 , 58.9 , 0.0
58.9 , 59.0 , 0.0
59.0 , 59.1 , 0.0
59.1 , 59.2 , 0.0
59.2 , 59.3 , 0.0
59.3 , 59.4 , 0.0
59.4 , 59.5 , 0.0
59.5 , 59.6 , 0.0
59.6 , 59.7 , 0.0
59.7 , 59.8 , 0.0
59.8 , 59.9 , 0.0
59.9 , 60.0 , 0.0
60.0 , 60.1 , 0.0
60.1 , 60.2 , 0.0
60.2 , 60.3 , 0.0
60.3 , 60.4 , 0.0
60.4 , 60.5 , 0.0
60.5 , 60.6 , 0.0
60.6 , 60.7 , 0.0
60.7 , 60.8 , 0.0
60.8 , 60.9 , 0.0
60.9 , 61.0 , 0.0
61.0 , 61.1 , 0.0
61.1 , 61.2 , 0.0
61.2 , 61.3 , 0.0
61.3 , 61.4 , 0.0
61.4 , 61.5 , 0.0
61.5 , 61.6 , 0.0
61.6 , 61.7 , 0.0
61.7 , 61.8 , 0.0
61.8 , 61.9 , 0.0
61.9 , 62.0 , 0.0
62.0 , 62.1 , 0.0
62.1 , 62.2 , 0.0
62.2 , 62.3 , 0.0
62.3 , 62.4 , 0.0
62.4 , 62.5 , 0.0
62.5 , 62.6 , 0.0
62.6 , 62.7 , 0.0
62.7 , 62.8 , 0.0
62.8 , 62.9 , 0.0
62.9 , 63.0 , 0.0
63.0 , 63.1 , 0.0
63.1 , 63.2 , 0.0
63.2 , 63.3 , 0.0
63.3 , 63.4 , 0.0
63.4 , 63.5 , 0.0
63.5 , 63.6 , 0.0
63.6 , 63.7 , 0.0
63.7 , 63.8 , 0.0
63.8 , 63.9 , 0.0
63.9 , 64.0 , 0.0
64.0 , 64.1 , 0.0
64.1 , 64.2 , 0.0
64.2 , 64.3 , 0.0
64.3 , 64.4 , 0.0
64.4 , 64.5 , 0.0
64.5 , 64.6 , 0.0
64.6 , 64.7 , 0.0
64.7 , 64.8 , 0.0
64.8 , 64.9 , 0.0
64.9 , 65.0 , 0.0
65.0 , 65.1 , 0.0
65.1 , 65.2 , 0.0
65.2 , 65.3 , 0.0
65.3 , 65.4 , 0.0
65.4 , 65.5 , 0.0
65.5 , 65.6 , 0.0
65.6 , 65.7 , 0.0
65.7 , 65.8 , 0.0
65.8 , 65.9 , 0.0
65.9 , 66.0 , 0.0
66.0 , 66.1 , 0.0
66.1 , 66.2 , 0.0
66.2 , 66.3 , 0.0
66.3 , 66.4 , 0.0
66.4 , 66.5 , 0.0
66.5 , 66.6 , 0.0
66.6 , 66.7 , 0.0
66.7 , 66.8 , 0.0
66.8 , 66.9 , 0.0
66.9 , 67.0 , 0.0
67.0 , 67.1 , 0.0
67.1 , 67.2 , 0.0
67.2 , 67.3 , 0.0
67.3 , 67.4 , 0.0
67.4 , 67.5 , 0.0
67.5 , 67.6 , 0.0
67.6 , 67.7 , 0.0
67.7 , 67.8 , 0.0
67.8 , 67.9 , 0.0
67.9 , 68.0 , 0.0
68.0 , 68.1 , 0.0
68.1 , 68.2 , 0.0
68.2 , 68.3 , 0.0
68.3 , 68.4 , 0.0
68.4 , 68.5 , 0.0
68.5 , 68.6 , 0.0
68.6 , 68.7 , 0.0
68.7 , 68.8 , 0.0
68.8 , 68.9 , 0.0
68.9 , 69.0 , 0.0
69.0 , 69.1 , 0.0
69.1 , 69.2 , 0.0
69.2 , 69.3 , 0.0
69.3 , 69.4 , 0.0
69.4 , 69.5 , 0.0
69.5 , 69.6 , 0.0
69.6 , 69.7 , 0.0
69.7 , 69.8 , 0.0
69.8 , 69.9 , 0.0
69.9 , 70.0 , 0.0
70.0 , 70.1 , 0.0
70.1 , 70.2 , 0.0
70.2 , 70.3 , 0.0
70.3 , 70.4 , 0.0
70.4 , 70.5 , 0.0
70.5 , 70.6 , 0.0
70.6 , 70.7 , 0.0
70.7 , 70.8 , 0.0
70.8 , 70.9 , 0.0
70.9 , 71.0 , 0.0
71.0 , 71.1 , 0.0
71.1 , 71.2 , 0.0
71.2 , 71.3 , 0.0
71.3 , 71.4 , 0.0
71.4 , 71.5 , 0.0
71.5 , 71.6 , 0.0
71.6 , 71.7 , 0.0
71.7 , 71.8 , 0.0
71.8 , 71.9 , 0.0
71.9 , 72.0 , 0.0
72.0 , 72.1 , 0.0
72.1 , 72.2 , 0.0
72.2 , 72.3 , 0.0
72.3 , 72.4 , 0.0
72.4 , 72.5 , 0.0
72.5 , 72.6 , 0.0
72.6 , 72.7 , 0.0
72.7 , 72.8 , 0.0
72.8 , 72.9 , 0.0
72.9 , 73.0 , 0.0
73.0 , 73.1 , 0.0
73.1 , 73.2 , 0.0
73.2 , 73.3 , 0.0
73.3 , 73.4 , 0.0
73.4 , 73.5 , 0.0
73.5 , 73.6 , 0.0
73.6 , 73.7 , 0.0
73.7 , 73.8 , 0.0
73.8 , 73.9 , 0.0
73.9 , 74.0 , 0.0
74.0 , 74.1 , 0.0
74.1 , 74.2 , 0.0
74.2 , 74.3 , 0.0
74.3 , 74.4 , 0.0
74.4 , 74.5 , 0.0
74.5 , 74.6 , 0.0
74.6 , 74.7 , 0.0
74.7 , 74.8 , 0.0
74.8 , 74.9 , 0.0
74.9 , 75.0 , 0.0
75.0 , 75.1 , 0.0
75.1 , 75.2 , 0.0
75.2 , 75.3 , 0.0
75.3 , 75.4 , 0.0
75.4 , 75.5 , 0.0
75.5 , 75.6 , 0.0
75.6 , 75.7 , 0.0
75.7 , 75.8 , 0.0
75.8 , 75.9 , 0.0
75.9 , 76.0 , 0.0
76.0 , 76.1 , 0.0
76.1 , 76.2 , 0.0
76.2 , 76.3 , 0.0
76.3 , 76.4 , 0.0
76.4 , 76.5 , 0.0
76.5 , 76.6 , 0.0
76.6 , 76.7 , 0.0
76.7 , 76.8 , 0.0
76.8 , 76.9 , 0.0
76.9 , 77.0 , 0.0
77.0 , 77.1 , 0.0
77.1 , 77.2 , 0.0
77.2 , 77.3 , 0.0
77.3 , 77.4 , 0.0
77.4 , 77.5 , 0.0
77.5 , 77.6 , 0.0
77.6 , 77.7 , 0.0
77.7 , 77.8 , 0.0
77.8 , 77.9 , 0.0
77.9 , 78.0 , 0.0
78.0 , 78.1 , 0.0
78.1 , 78.2 , 0.0
78.2 , 78.3 , 0.0
78.3 , 78.4 , 0.0
78.4 , 78.5 , 0.0
78.5 , 78.6 , 0.0
78.6 , 78.7 , 0.0
78.7 , 78.8 , 0.0
78.8 , 78.9 , 0.0
78.9 , 79.0 , 0.0
79.0 , 79.1 , 0.0
79.1 , 79.2 , 0.0
79.2 , 79.3 , 0.0
79.3 , 79.4 , 0.0
79.4 , 79.5 , 0.0
79.5 , 79.6 , 0.0
79.6 , 79.7 , 0.0
79.7 , 79.8 , 0.0
79.8 , 79.9 , 0.0
79.9 , 80.0 , 0.0
80.0 , 80.1 , 0.0
80.1 , 80.2 , 0.0
80.2 , 80.3 , 0.0
80.3 , 80.4 , 0.0
80.4 , 80.5 , 0.0
80.5 , 80.6 , 0.0
80.6 , 80.7 , 0.0
80.7 , 80.8 , 0.0
80.8 , 80.9 , 0.0
80.9 , 81.0 , 0.0
81.0 , 81.1 , 0.0
81.1 , 81.2 , 0.0
81.2 , 81.3 , 0.0
81.3 , 81.4 , 0.0
81.4 , 81.5 , 0.0
81.5 , 81.6 , 0.0
81.6 , 81.7 , 0.0
81.7 , 81.8 , 0.0
81.8 , 81.9 , 0.0
81.9 , 82.0 , 0.0
82.0 , 82.1 , 0.0
82.1 , 82.2 , 0.0
82.2 , 82.3 , 0.0
82.3 , 82.4 , 0.0
82.4 , 82.5 , 0.0
82.5 , 82.6 , 0.0
82.6 , 82.7 , 0.0
82.7 , 82.8 , 0.0
82.8 , 82.9 , 0.0
82.9 , 83.0 , 0.0
83.0 , 83.1 , 0.0
83.1 , 83.2 , 0.0
83.2 , 83.3 , 0.0
83.3 , 83.4 , 0.0
83.4 , 83.5 , 0.0
83.5 , 83.6 , 0.0
83.6 , 83.7 , 0.0
83.7 , 83.8 , 0.0
83.8 , 83.9 , 0.0
83.9 , 84.0 , 0.0
84.0 , 84.1 , 0.0
84.1 , 84.2 , 0.0
84.2 , 84.3 , 0.0
84.3 , 84.4 , 0.0
84.4 , 84.5 , 0.0
84.5 , 84.6 , 0.0
84.6 , 84.7 , 0.0
84.7 , 84.8 , 0.0
84.8 , 84.9 , 0.0
84.9 , 85.0 , 0.0
85.0 , 85.1 , 0.0
85.1 , 85.2 , 0.0
85.2 , 85.3 , 0.0
85.3 , 85.4 , 0.0
85.4 , 85.5 , 0.0
85.5 , 85.6 , 0.0
85.6 , 85.7 , 0.0
85.7 , 85.8 , 0.0
85.8 , 85.9 , 0.0
85.9 , 86.0 , 0.0
86.0 , 86.1 , 0.0
86.1 , 86.2 , 0.0
86.2 , 86.3 , 0.0
86.3 , 86.4 , 0.0
86.4 , 86.5 , 0.0
86.5 , 86.6 , 0.0
86.6 , 86.7 , 0.0
86.7 , 86.8 , 0.0
86.8 , 86.9 , 0.0
86.9 , 87.0 , 0.0
87.0 , 87.1 , 0.0
87.1 , 87.2 , 0.0
87.2 , 87.3 , 0.0
87.3 , 87.4 , 0.0
87.4 , 87.5 , 0.0
87.5 , 87.6 , 0.0
87.6 , 87.7 , 0.0
87.7 , 87.8 , 0.0
87.8 , 87.9 , 0.0
87.9 , 88.0 , 0.0
88.0 , 88.1 , 0.0
88.1 , 88.2 , 0.0
88.2 , 88.3 , 0.0
88.3 , 88.4 , 0.0
88.4 , 88.5 , 0.0
88.5 , 88.6 , 0.0
88.6 , 88.7 , 0.0
88.7 , 88.8 , 0.0
88.8 , 88.9 , 0.0
88.9 , 89.0 , 0.0
89.0 , 89.1 , 0.0
89.1 , 89.2 , 0.0
89.2 , 89.3 , 0.0
89.3 , 89.4 , 0.0
89.4 , 89.5 , 0.0
89.5 , 89.6 , 0.0
89.6 , 89.7 , 0.0
89.7 , 89.8 , 0.0
89.8 , 89.9 , 0.0
89.9 , 90.0 , 0.0
90.0 , 90.1 , 0.0
90.1 , 90.2 , 0.0
90.2 , 90.3 , 0.0
90.3 , 90.4 , 0.0
90.4 , 90.5 , 0.0
90.5 , 90.6 , 0.0
90.6 , 90.7 , 0.0
90.7 , 90.8 , 0.0
90.8 , 90.9 , 0.0
90.9 , 91.0 , 0.0
91.0 , 91.1 , 0.0
91.1 , 91.2 , 0.0
91.2 , 91.3 , 0.0
91.3 , 91.4 , 0.0
91.4 , 91.5 , 0.0
91.5 , 91.6 , 0.0
91.6 , 91.7 , 0.0
91.7 , 91.8 , 0.0
91.8 , 91.9 , 0.0
91.9 , 92.0 , 0.0
92.0 , 92.1 , 0.0
92.1 , 92.2 , 0.0
92.2 , 92.3 , 0.0
92.3 , 92.4 , 0.0
92.4 , 92.5 , 0.0
92.5 , 92.6 , 0.0
92.6 , 92.7 , 0.0
92.7 , 92.8 , 0.0
92.8 , 92.9 , 0.0
92.9 , 93.0 , 0.0
93.0 , 93.1 , 0.0
93.1 , 93.2 , 0.0
93.2 , 93.3 , 0.0
93.3 , 93.4 , 0.0
93.4 , 93.5 , 0.0
93.5 , 93.6 , 0.0
93.6 , 93.7 , 0.0
93.7 , 93.8 , 0.0
93.8 , 93.9 , 0.0
93.9 , 94.0 , 0.0
94.0 , 94.1 , 0.0
94.1 , 94.2 , 0.0
94.2 , 94.3 , 0.0
94.3 , 94.4 , 0.0
94.4 , 94.5 , 0.0
94.5 , 94.6 , 0.0
94.6 , 94.7 , 0.0
94.7 , 94.8 , 0.0
94.8 , 94.9 , 0.0
94.9 , 95.0 , 0.0
95.0 , 95.1 , 0.0
95.1 , 95.2 , 0.0
95.2 , 95.3 , 0.0
95.3 , 95.4 , 0.0
95.4 , 95.5 , 0.0
95.5 , 95.6 , 0.0
95.6 , 95.7 , 0.0
95.7 , 95.8 , 0.0
95.8 , 95.9 , 0.0
95.9 , 96.0 , 0.0
96.0 , 96.1 , 0.0
96.1 , 96.2 , 0.0
96.2 , 96.3 , 0.0
96.3 , 96.4 , 0.0
96.4 , 96.5 , 0.0
96.5 , 96.6 , 0.0
96.6 , 96.7 , 0.0
96.7 , 96.8 , 0.0
96.8 , 96.9 , 0.0
96.9 , 97.0 , 0.0
97.0 , 97.1 , 0.0
97.1 , 97.2 , 0.0
97.2 , 97.3 , 0.0
97.3 , 97.4 , 0.0
97.4 , 97.5 , 0.0
97.5 , 97.6 , 0.0
97.6 , 97.7 , 0.0
97.7 , 97.8 , 0.0
97.8 , 97.9 , 0.0
97.9 , 98.0 , 0.0
98.0 , 98.1 , 0.0
98.1 , 98.2 , 0.0
98.2 , 98.3 , 0.0
98.3 , 98.4 , 0.0
98.4 , 98.5 , 0.0
98.5 , 98.6 , 0.0
98.6 , 98.7 , 0.0
98.7 , 98.8 , 0.0
98.8 , 98.9 , 0.0
98.9 , 99.0 , 0.0
99.0 , 99.1 , 0.0
99.1 , 99.2 , 0.0
99.2 , 99.3 , 0.0
99.3 , 99.4 , 0.0
99.4 , 99.5 , 0.0
99.5 , 99.6 , 0.0
99.6 , 99.7 , 0.0
99.7 , 99.8 , 0.0
99.8 , 99.9 , 0.0
99.9 , 100.0 , 0.0
100.0 , 100.1 , 0.0
100.1 , 100.2 , 0.0
100.2 , 100.3 , 0.0
100.3 , 100.4 , 0.0
100.4 , 100.5 , 0.0
100.5 , 100.6 , 0.0
100.6 , 100.7 , 0.0
100.7 , 100.8 , 0.0
100.8 , 100.9 , 0.0
100.9 , 101.0 , 0.0
101.0 , 101.1 , 0.0
101.1 , 101.2 , 0.0
101.2 , 101.3 , 0.0
101.3 , 101.4 , 0.0
101.4 , 101.5 , 0.0
101.5 , 101.6 , 0.0
101.6 , 101.7 , 0.0
101.7 , 101.8 , 0.0
101.8 , 101.9 , 0.0
101.9 , 102.0 , 0.0
102.0 , 102.1 , 0.0
102.1 , 102.2 , 0.0
102.2 , 102.3 , 0.0
102.3 , 102.4 , 0.0
102.4 , 102.5 , 0.0
102.5 , 102.6 , 0.0
102.6 , 102.7 , 0.0
102.7 , 102.8 , 0.0
102.8 , 102.9 , 0.0
102.9 , 103.0 , 0.0
103.0 , 103.1 , 0.0
103.1 , 103.2 , 0.0
103.2 , 103.3 , 0.0
103.3 , 103.4 , 0.0
103.4 , 103.5 , 0.0
103.5 , 103.6 , 0.0
103.6 , 103.7 , 0.0
103.7 , 103.8 , 0.0
103.8 , 103.9 , 0.0
103.9 , 104.0 , 0.0
104.0 , 104.1 , 0.0
104.1 , 104.2 , 0.0
104.2 , 104.3 , 0.0
104.3 , 104.4 , 0.0
104.4 , 104.5 , 0.0
104.5 , 104.6 , 0.0
104.6 , 104.7 , 0.0
104.7 , 104.8 , 0.0
104.8 , 104.9 , 0.0
104.9 , 105.0 , 0.0
105.0 , 105.1 , 0.0
105.1 , 105.2 , 0.0
105.2 , 105.3 , 0.0
105.3 , 105.4 , 0.0
105.4 , 105.5 , 0.0
105.5 , 105.6 , 0.0
105.6 , 105.7 , 0.0
105.7 , 105.8 , 0.0
105.8 , 105.9 , 0.0
105.9 , 106.0 , 0.0
106.0 , 106.1 , 0.0
106.1 , 106.2 , 0.0
106.2 , 106.3 , 0.0
106.3 , 106.4 , 0.0
106.4 , 106.5 , 0.0
106.5 , 106.6 , 0.0
106.6 , 106.7 , 0.0
106.7 , 106.8 , 0.0
106.8 , 106.9 , 0.0
106.9 , 107.0 , 0.0
107.0 , 107.1 , 0.0
107.1 , 107.2 , 0.0
107.2 , 107.3 , 0.0
107.3 , 107.4 , 0.0
107.4 , 107.5 , 0.0
107.5 , 107.6 , 0.0
107.6 , 107.7 , 0.0
107.7 , 107.8 , 0.0
107.8 , 107.9 , 0.0
107.9 , 108.0 , 0.0
108.0 , 108.1 , 0.0
108.1 , 108.2 , 0.0
108.2 , 108.3 , 0.0
108.3 , 108.4 , 0.0
108.4 , 108.5 , 0.0
108.5 , 108.6 , 0.0
108.6 , 108.7 , 0.0
108.7 , 108.8 , 0.0
108.8 , 108.9 , 0.0
108.9 , 109.0 , 0.0
109.0 , 109.1 , 0.0
109.1 , 109.2 , 0.0
109.2 , 109.3 , 0.0
109.3 , 109.4 , 0.0
109.4 , 109.5 , 0.0
109.5 , 109.6 , 0.0
109.6 , 109.7 , 0.0
109.7 , 109.8 , 0.0
109.8 , 109.9 , 0.0
109.9 , 110.0 , 0.0
110.0 , 110.1 , 0.0
110.1 , 110.2 , 0.0
110.2 , 110.3 , 0.0
110.3 , 110.4 , 0.0
110.4 , 110.5 , 0.0
110.5 , 110.6 , 0.0
110.6 , 110.7 , 0.0
110.7 , 110.8 , 0.0
110.8 , 110.9 , 0.0
110.9 , 111.0 , 0.0
111.0 , 111.1 , 0.0
111.1 , 111.2 , 0.0
111.2 , 111.3 , 0.0
111.3 , 111.4 , 0.0
111.4 , 111.5 , 0.0
111.5 , 111.6 , 0.0
111.6 , 111.7 , 0.0
111.7 , 111.8 , 0.0
111.8 , 111.9 , 0.0
111.9 , 112.0 , 0.0
112.0 , 112.1 , 0.0
112.1 , 112.2 , 0.0
112.2 , 112.3 , 0.0
112.3 , 112.4 , 0.0
112.4 , 112.5 , 0.0
112.5 , 112.6 , 0.0
112.6 , 112.7 , 0.0
112.7 , 112.8 , 0.0
112.8 , 112.9 , 0.0
112.9 , 113.0 , 0.0
113.0 , 113.1 , 0.0
113.1 , 113.2 , 0.0
113.2 , 113.3 , 0.0
113.3 , 113.4 , 0.0
113.4 , 113.5 , 0.0
113.5 , 113.6 , 0.0
113.6 , 113.7 , 0.0
113.7 , 113.8 , 0.0
113.8 , 113.9 , 0.0
113.9 , 114.0 , 0.0
114.0 , 114.1 , 0.0
114.1 , 114.2 , 0.0
114.2 , 114.3 , 0.0
114.3 , 114.4 , 0.0
114.4 , 114.5 , 0.0
114.5 , 114.6 , 0.0
114.6 , 114.7 , 0.0
114.7 , 114.8 , 0.0
114.8 , 114.9 , 0.0
114.9 , 115.0 , 0.0
115.0 , 115.1 , 0.0
115.1 , 115.2 , 0.0
115.2 , 115.3 , 0.0
115.3 , 115.4 , 0.0
115.4 , 115.5 , 0.0
115.5 , 115.6 , 0.0
115.6 , 115.7 , 0.0
115.7 , 115.8 , 0.0
115.8 , 115.9 , 0.0
115.9 , 116.0 , 0.0
116.0 , 116.1 , 0.0
116.1 , 116.2 , 0.0
116.2 , 116.3 , 0.0
116.3 , 116.4 , 0.0
116.4 , 116.5 , 0.0
116.5 , 116.6 , 0.0
116.6 , 116.7 , 0.0
116.7 , 116.8 , 0.0
116.8 , 116.9 , 0.0
116.9 , 117.0 , 0.0
117.0 , 117.1 , 0.0
117.1 , 117.2 , 0.0
117.2 , 117.3 , 0.0
117.3 , 117.4 , 0.0
117.4 , 117.5 , 0.0
117.5 , 117.6 , 0.0
117.6 , 117.7 , 0.0
117.7 , 117.8 , 0.0
117.8 , 117.9 , 0.0
117.9 , 118.0 , 0.0
118.0 , 118.1 , 0.0
118.1 , 118.2 , 0.0
118.2 , 118.3 , 0.0
118.3 , 118.4 , 0.0
118.4 , 118.5 , 0.0
118.5 , 118.6 , 0.0
118.6 , 118.7 , 0.0
118.7 , 118.8 , 0.0
118.8 , 118.9 , 0.0
118.9 , 119.0 , 0.0
119.0 , 119.1 , 0.0
119.1 , 119.2 , 0.0
119.2 , 119.3 , 0.0
119.3 , 119.4 , 0.0
119.4 , 119.5 , 0.0
119.5 , 119.6 , 0.0
119.6 , 119.7 , 0.0
119.7 , 119.8 , 0.0
119.8 , 119.9 , 0.0
119.9 , 120.0 , 0.0
120.0 , 120.1 , 0.0
120.1 , 120.2 , 0.0
120.2 , 120.3 , 0.0
120.3 , 120.4 , 0.0
120.4 , 120.5 , 0.0
120.5 , 120.6 , 0.0
120.6 , 120.7 , 0.0
120.7 , 120.8 , 0.0
120.8 , 120.9 , 0.0
120.9 , 121.0 , 0.0
121.0 , 121.1 , 0.0
121.1 , 121.2 , 0.0
121.2 , 121.3 , 0.0
121.3 , 121.4 , 0.0
121.4 , 121.5 , 0.0
121.5 , 121.6 , 0.0
121.6 , 121.7 , 0.0
121.7 , 121.8 , 0.0
121.8 , 121.9 , 0.0
121.9 , 122.0 , 0.0
122.0 , 122.1 , 0.0
122.1 , 122.2 , 0.0
122.2 , 122.3 , 0.0
122.3 , 122.4 , 0.0
122.4 , 122.5 , 0.0
122.5 , 122.6 , 0.0
122.6 , 122.7 , 0.0
122.7 , 122.8 , 0.0
122.8 , 122.9 , 0.0
122.9 , 123.0 , 0.0
123.0 , 123.1 , 0.0
123.1 , 123.2 , 0.0
123.2 , 123.3 , 0.0
123.3 , 123.4 , 0.0
123.4 , 123.5 , 0.0
123.5 , 123.6 , 0.0
123.6 , 123.7 , 0.0
123.7 , 123.8 , 0.0
123.8 , 123.9 , 0.0
123.9 , 124.0 , 0.0
124.0 , 124.1 , 0.0
124.1 , 124.2 , 0.0
124.2 , 124.3 , 0.0
124.3 , 124.4 , 0.0
124.4 , 124.5 , 0.0
124.5 , 124.6 , 0.0
124.6 , 124.7 , 0.0
124.7 , 124.8 , 0.0
124.8 , 124.9 , 0.0
124.9 , 125.0 , 0.0
125.0 , 125.1 , 0.0
125.1 , 125.2 , 0.0
125.2 , 125.3 , 0.0
125.3 , 125.4 , 0.0
125.4 , 125.5 , 0.0
125.5 , 125.6 , 0.0
125.6 , 125.7 , 0.0
125.7 , 125.8 , 0.0
125.8 , 125.9 , 0.0
125.9 , 126.0 , 0.0
126.0 , 126.1 , 0.0
126.1 , 126.2 , 0.0
126.2 , 126.3 , 0.0
126.3 , 126.4 , 0.0
126.4 , 126.5 , 0.0
126.5 , 126.6 , 0.0
126.6 , 126.7 , 0.0
126.7 , 126.8 , 0.0
126.8 , 126.9 , 0.0
126.9 , 127.0 , 0.0
127.0 , 127.1 , 0.0
127.1 , 127.2 , 0.0
127.2 , 127.3 , 0.0
127.3 , 127.4 , 0.0
127.4 , 127.5 , 0.0
127.5 , 127.6 , 0.0
127.6 , 127.7 , 0.0
127.7 , 127.8 , 0.0
127.8 , 127.9 , 0.0
127.9 , 128.0 , 0.0
128.0 , 128.1 , 0.0
128.1 , 128.2 , 0.0
128.2 , 128.3 , 0.0
128.3 , 128.4 , 0.0
128.4 , 128.5 , 0.0
128.5 , 128.6 , 0.0
128.6 , 128.7 , 0.0
128.7 , 128.8 , 0.0
128.8 , 128.9 , 0.0
128.9 , 129.0 , 0.0
129.0 , 129.1 , 0.0
129.1 , 129.2 , 0.0
129.2 , 129.3 , 0.0
129.3 , 129.4 , 0.0
129.4 , 129.5 , 0.0
129.5 , 129.6 , 0.0
129.6 , 129.7 , 0.0
129.7 , 129.8 , 0.0
129.8 , 129.9 , 0.0
129.9 , 130.0 , 0.0
130.0 , 130.1 , 0.0
130.1 , 130.2 , 0.0
130.2 , 130.3 , 0.0
130.3 , 130.4 , 0.0
130.4 , 130.5 , 0.0
130.5 , 130.6 , 0.0
130.6 , 130.7 , 0.0
130.7 , 130.8 , 0.0
130.8 , 130.9 , 0.0
130.9 , 131.0 , 0.0
131.0 , 131.1 , 0.0
131.1 , 131.2 , 0.0
131.2 , 131.3 , 0.0
131.3 , 131.4 , 0.0
131.4 , 131.5 , 0.0
131.5 , 131.6 , 0.0
131.6 , 131.7 , 0.0
131.7 , 131.8 , 0.0
131.8 , 131.9 , 0.0
131.9 , 132.0 , 0.0
132.0 , 132.1 , 0.0
132.1 , 132.2 , 0.0
132.2 , 132.3 , 0.0
132.3 , 132.4 , 0.0
132.4 , 132.5 , 0.0
132.5 , 132.6 , 0.0
132.6 , 132.7 , 0.0
132.7 , 132.8 , 0.0
132.8 , 132.9 , 0.0
132.9 , 133.0 , 0.0
133.0 , 133.1 , 0.0
133.1 , 133.2 , 0.0
133.2 , 133.3 , 0.0
133.3 , 133.4 , 0.0
133.4 , 133.5 , 0.0
133.5 , 133.6 , 0.0
133.6 , 133.7 , 0.0
133.7 , 133.8 , 0.0
133.8 , 133.9 , 0.0
133.9 , 134.0 , 0.0
134.0 , 134.1 , 0.0
134.1 , 134.2 , 0.0
134.2 , 134.3 , 0.0
134.3 , 134.4 , 0.0
134.4 , 134.5 , 0.0
134.5 , 134.6 , 0.0
134.6 , 134.7 , 0.0
134.7 , 134.8 , 0.0
134.8 , 134.9 , 0.0
134.9 , 135.0 , 0.0
135.0 , 135.1 , 0.0
135.1 , 135.2 , 0.0
135.2 , 135.3 , 0.0
135.3 , 135.4 , 0.0
135.4 , 135.5 , 0.0
135.5 , 135.6 , 0.0
135.6 , 135.7 , 0.0
135.7 , 135.8 , 0.0
135.8 , 135.9 , 0.0
135.9 , 136.0 , 0.0
136.0 , 136.1 , 0.0
136.1 , 136.2 , 0.0
136.2 , 136.3 , 0.0
136.3 , 136.4 , 0.0
136.4 , 136.5 , 1.0
136.5 , 136.6 , 0.0
136.6 , 136.7 , 0.0
136.7 , 136.8 , 0.0
136.8 , 136.9 , 0.0
136.9 , 137.0 , 0.0
137.0 , 137.1 , 0.0
137.1 , 137.2 , 0.0
137.2 , 137.3 , 0.0
137.3 , 137.4 , 0.0
137.4 , 137.5 , 0.0
137.5 , 137.6 , 0.0
137.6 , 137.7 , 0.0
137.7 , 137.8 , 0.0
137.8 , 137.9 , 0.0
137.9 , 138.0 , 0.0
138.0 , 138.1 , 0.0
138.1 , 138.2 , 0.0
138.2 , 138.3 , 0.0
138.3 , 138.4 , 0.0
138.4 , 138.5 , 0.0
138.5 , 138.6 , 0.0
138.6 , 138.7 , 0.0
138.7 , 138.8 , 0.0
138.8 , 138.9 , 0.0
138.9 , 139.0 , 0.0
139.0 , 139.1 , 0.0
139.1 , 139.2 , 0.0
139.2 , 139.3 , 0.0
139.3 , 139.4 , 0.0
139.4 , 139.5 , 0.0
139.5 , 139.6 , 0.0
139.6 , 139.7 , 0.0
139.7 , 139.8 , 0.0
139.8 , 139.9 , 0.0
139.9 , 140.0 , 0.0
140.0 , 140.1 , 0.0
140.1 , 140.2 , 0.0
140.2 , 140.3 , 0.0
140.3 , 140.4 , 0.0
140.4 , 140.5 , 0.0
140.5 , 140.6 , 0.0
140.6 , 140.7 , 0.0
140.7 , 140.8 , 0.0
140.8 , 140.9 , 0.0
140.9 , 141.0 , 0.0
141.0 , 141.1 , 0.0
141.1 , 141.2 , 0.0
141.2 , 141.3 , 0.0
141.3 , 141.4 , 0.0
141.4 , 141.5 , 0.0
141.5 , 141.6 , 0.0
141.6 , 141.7 , 0.0
141.7 , 141.8 , 0.0
141.8 , 141.9 , 0.0
141.9 , 142.0 , 0.0
142.0 , 142.1 , 0.0
142.1 , 142.2 , 0.0
142.2 , 142.3 , 0.0
142.3 , 142.4 , 0.0
142.4 , 142.5 , 0.0
142.5 , 142.6 , 0.0
142.6 , 142.7 , 0.0
142.7 , 142.8 , 0.0
142.8 , 142.9 , 0.0
142.9 , 143.0 , 0.0
143.0 , 143.1 , 0.0
143.1 , 143.2 , 0.0
143.2 , 143.3 , 0.0
143.3 , 143.4 , 0.0
143.4 , 143.5 , 0.0
143.5 , 143.6 , 0.0
143.6 , 143.7 , 0.0
143.7 , 143.8 , 0.0
143.8 , 143.9 , 0.0
143.9 , 144.0 , 0.0
144.0 , 144.1 , 0.0
144.1 , 144.2 , 0.0
144.2 , 144.3 , 0.0
144.3 , 144.4 , 0.0
144.4 , 144.5 , 0.0
144.5 , 144.6 , 0.0
144.6 , 144.7 , 0.0
144.7 , 144.8 , 0.0
144.8 , 144.9 , 0.0
144.9 , 145.0 , 0.0
145.0 , 145.1 , 0.0
145.1 , 145.2 , 0.0
145.2 , 145.3 , 0.0
145.3 , 145.4 , 0.0
145.4 , 145.5 , 0.0
145.5 , 145.6 , 0.0
145.6 , 145.7 , 0.0
145.7 , 145.8 , 0.0
145.8 , 145.9 , 0.0
145.9 , 146.0 , 0.0
146.0 , 146.1 , 0.0
146.1 , 146.2 , 0.0
146.2 , 146.3 , 0.0
146.3 , 146.4 , 0.0
146.4 , 146.5 , 0.0
146.5 , 146.6 , 0.0
146.6 , 146.7 , 0.0
146.7 , 146.8 , 0.0
146.8 , 146.9 , 0.0
146.9 , 147.0 , 0.0
147.0 , 147.1 , 0.0
147.1 , 147.2 , 0.0
147.2 , 147.3 , 0.0
147.3 , 147.4 , 0.0
147.4 , 147.5 , 0.0
147.5 , 147.6 , 0.0
147.6 , 147.7 , 0.0
147.7 , 147.8 , 0.0
147.8 , 147.9 , 0.0
147.9 , 148.0 , 0.0
148.0 , 148.1 , 0.0
148.1 , 148.2 , 0.0
148.2 , 148.3 , 0.0
148.3 , 148.4 , 0.0
148.4 , 148.5 , 0.0
148.5 , 148.6 , 0.0
148.6 , 148.7 , 0.0
148.7 , 148.8 , 0.0
148.8 , 148.9 , 0.0
148.9 , 149.0 , 0.0
149.0 , 149.1 , 0.0
149.1 , 149.2 , 0.0
149.2 , 149.3 , 0.0
149.3 , 149.4 , 0.0
149.4 , 149.5 , 0.0
149.5 , 149.6 , 0.0
149.6 , 149.7 , 0.0
149.7 , 149.8 , 0.0
149.8 , 149.9 , 0.0
149.9 , 150.0 , 0.0
150.0 , 150.1 , 0.0
150.1 , 150.2 , 0.0
150.2 , 150.3 , 0.0
150.3 , 150.4 , 0.0
150.4 , 150.5 , 0.0
150.5 , 150.6 , 0.0
150.6 , 150.7 , 0.0
150.7 , 150.8 , 0.0
150.8 , 150.9 , 0.0
150.9 , 151.0 , 0.0
151.0 , 151.1 , 0.0
151.1 , 151.2 , 0.0
151.2 , 151.3 , 0.0
151.3 , 151.4 , 0.0
151.4 , 151.5 , 0.0
151.5 , 151.6 , 0.0
151.6 , 151.7 , 0.0
151.7 , 151.8 , 0.0
151.8 , 151.9 , 0.0
151.9 , 152.0 , 0.0
152.0 , 152.1 , 0.0
152.1 , 152.2 , 0.0
152.2 , 152.3 , 0.0
152.3 , 152.4 , 0.0
152.4 , 152.5 , 0.0
152.5 , 152.6 , 0.0
152.6 , 152.7 , 0.0
152.7 , 152.8 , 0.0
152.8 , 152.9 , 0.0
152.9 , 153.0 , 0.0
153.0 , 153.1 , 0.0
153.1 , 153.2 , 0.0
153.2 , 153.3 , 0.0
153.3 , 153.4 , 0.0
153.4 , 153.5 , 0.0
153.5 , 153.6 , 0.0
153.6 , 153.7 , 0.0
153.7 , 153.8 , 0.0
153.8 , 153.9 , 0.0
153.9 , 154.0 , 0.0
154.0 , 154.1 , 0.0
154.1 , 154.2 , 0.0
154.2 , 154.3 , 0.0
154.3 , 154.4 , 0.0
154.4 , 154.5 , 0.0
154.5 , 154.6 , 0.0
154.6 , 154.7 , 0.0
154.7 , 154.8 , 0.0
154.8 , 154.9 , 0.0
154.9 , 155.0 , 0.0
155.0 , 155.1 , 0.0
155.1 , 155.2 , 0.0
155.2 , 155.3 , 0.0
155.3 , 155.4 , 0.0
155.4 , 155.5 , 0.0
155.5 , 155.6 , 0.0
155.6 , 155.7 , 0.0
155.7 , 155.8 , 0.0
155.8 , 155.9 , 1.0
155.9 , 156.0 , 0.0
156.0 , 156.1 , 0.0
156.1 , 156.2 , 0.0
156.2 , 156.3 , 0.0
156.3 , 156.4 , 0.0
156.4 , 156.5 , 0.0
156.5 , 156.6 , 0.0
156.6 , 156.7 , 0.0
156.7 , 156.8 , 0.0
156.8 , 156.9 , 0.0
156.9 , 157.0 , 0.0
157.0 , 157.1 , 0.0
157.1 , 157.2 , 0.0
157.2 , 157.3 , 0.0
157.3 , 157.4 , 0.0
157.4 , 157.5 , 0.0
157.5 , 157.6 , 0.0
157.6 , 157.7 , 0.0
157.7 , 157.8 , 0.0
157.8 , 157.9 , 0.0
157.9 , 158.0 , 0.0
158.0 , 158.1 , 0.0
158.1 , 158.2 , 0.0
158.2 , 158.3 , 0.0
158.3 , 158.4 , 0.0
158.4 , 158.5 , 0.0
158.5 , 158.6 , 0.0
158.6 , 158.7 , 0.0
158.7 , 158.8 , 0.0
158.8 , 158.9 , 0.0
158.9 , 159.0 , 0.0
159.0 , 159.1 , 0.0
159.1 , 159.2 , 0.0
159.2 , 159.3 , 0.0
159.3 , 159.4 , 0.0
159.4 , 159.5 , 0.0
159.5 , 159.6 , 0.0
159.6 , 159.7 , 0.0
159.7 , 159.8 , 0.0
159.8 , 159.9 , 0.0
159.9 , 160.0 , 0.0
160.0 , 160.1 , 0.0
160.1 , 160.2 , 0.0
160.2 , 160.3 , 0.0
160.3 , 160.4 , 0.0
160.4 , 160.5 , 0.0
160.5 , 160.6 , 0.0
160.6 , 160.7 , 0.0
160.7 , 160.8 , 0.0
160.8 , 160.9 , 0.0
160.9 , 161.0 , 0.0
161.0 , 161.1 , 0.0
161.1 , 161.2 , 0.0
161.2 , 161.3 , 0.0
161.3 , 161.4 , 0.0
161.4 , 161.5 , 0.0
161.5 , 161.6 , 0.0
161.6 , 161.7 , 0.0
161.7 , 161.8 , 0.0
161.8 , 161.9 , 0.0
161.9 , 162.0 , 0.0
162.0 , 162.1 , 0.0
162.1 , 162.2 , 0.0
162.2 , 162.3 , 0.0
162.3 , 162.4 , 0.0
162.4 , 162.5 , 0.0
162.5 , 162.6 , 0.0
162.6 , 162.7 , 0.0
162.7 , 162.8 , 0.0
162.8 , 162.9 , 0.0
162.9 , 163.0 , 0.0
163.0 , 163.1 , 0.0
163.1 , 163.2 , 0.0
163.2 , 163.3 , 0.0
163.3 , 163.4 , 0.0
163.4 , 163.5 , 0.0
163.5 , 163.6 , 0.0
163.6 , 163.7 , 0.0
163.7 , 163.8 , 0.0
163.8 , 163.9 , 0.0
163.9 , 164.0 , 0.0
164.0 , 164.1 , 0.0
164.1 , 164.2 , 0.0
164.2 , 164.3 , 0.0
164.3 , 164.4 , 0.0
164.4 , 164.5 , 0.0
164.5 , 164.6 , 0.0
164.6 , 164.7 , 0.0
164.7 , 164.8 , 0.0
164.8 , 164.9 , 0.0
164.9 , 165.0 , 0.0
165.0 , 165.1 , 0.0
165.1 , 165.2 , 0.0
165.2 , 165.3 , 0.0
165.3 , 165.4 , 0.0
165.4 , 165.5 , 0.0
165.5 , 165.6 , 0.0
165.6 , 165.7 , 0.0
165.7 , 165.8 , 0.0
165.8 , 165.9 , 0.0
165.9 , 166.0 , 0.0
166.0 , 166.1 , 0.0
166.1 , 166.2 , 0.0
166.2 , 166.3 , 0.0
166.3 , 166.4 , 0.0
166.4 , 166.5 , 0.0
166.5 , 166.6 , 0.0
166.6 , 166.7 , 0.0
166.7 , 166.8 , 0.0
166.8 , 166.9 , 0.0
166.9 , 167.0 , 0.0
167.0 , 167.1 , 0.0
167.1 , 167.2 , 0.0
167.2 , 167.3 , 0.0
167.3 , 167.4 , 0.0
167.4 , 167.5 , 0.0
167.5 , 167.6 , 0.0
167.6 , 167.7 , 0.0
167.7 , 167.8 , 0.0
167.8 , 167.9 , 0.0
167.9 , 168.0 , 0.0
168.0 , 168.1 , 0.0
168.1 , 168.2 , 0.0
168.2 , 168.3 , 0.0
168.3 , 168.4 , 0.0
168.4 , 168.5 , 0.0
168.5 , 168.6 , 0.0
168.6 , 168.7 , 0.0
168.7 , 168.8 , 0.0
168.8 , 168.9 , 0.0
168.9 , 169.0 , 0.0
169.0 , 169.1 , 0.0
169.1 , 169.2 , 0.0
169.2 , 169.3 , 0.0
169.3 , 169.4 , 0.0
169.4 , 169.5 , 0.0
169.5 , 169.6 , 0.0
169.6 , 169.7 , 0.0
169.7 , 169.8 , 0.0
169.8 , 169.9 , 0.0
169.9 , 170.0 , 0.0
170.0 , 170.1 , 0.0
170.1 , 170.2 , 0.0
170.2 , 170.3 , 0.0
170.3 , 170.4 , 0.0
170.4 , 170.5 , 0.0
170.5 , 170.6 , 0.0
170.6 , 170.7 , 0.0
170.7 , 170.8 , 0.0
170.8 , 170.9 , 0.0
170.9 , 171.0 , 0.0
171.0 , 171.1 , 0.0
171.1 , 171.2 , 0.0
171.2 , 171.3 , 0.0
171.3 , 171.4 , 0.0
171.4 , 171.5 , 0.0
171.5 , 171.6 , 0.0
171.6 , 171.7 , 0.0
171.7 , 171.8 , 0.0
171.8 , 171.9 , 0.0
171.9 , 172.0 , 0.0
172.0 , 172.1 , 0.0
172.1 , 172.2 , 0.0
172.2 , 172.3 , 0.0
172.3 , 172.4 , 0.0
172.4 , 172.5 , 0.0
172.5 , 172.6 , 0.0
172.6 , 172.7 , 0.0
172.7 , 172.8 , 0.0
172.8 , 172.9 , 0.0
172.9 , 173.0 , 1.0
173.0 , 173.1 , 0.0
173.1 , 173.2 , 0.0
173.2 , 173.3 , 0.0
173.3 , 173.4 , 0.0
173.4 , 173.5 , 0.0
173.5 , 173.6 , 0.0
173.6 , 173.7 , 0.0
173.7 , 173.8 , 0.0
173.8 , 173.9 , 0.0
173.9 , 174.0 , 0.0
174.0 , 174.1 , 0.0
174.1 , 174.2 , 0.0
174.2 , 174.3 , 0.0
174.3 , 174.4 , 0.0
174.4 , 174.5 , 0.0
174.5 , 174.6 , 0.0
174.6 , 174.7 , 0.0
174.7 , 174.8 , 0.0
174.8 , 174.9 , 0.0
174.9 , 175.0 , 0.0
175.0 , 175.1 , 0.0
175.1 , 175.2 , 0.0
175.2 , 175.3 , 0.0
175.3 , 175.4 , 0.0
175.4 , 175.5 , 0.0
175.5 , 175.6 , 0.0
175.6 , 175.7 , 0.0
175.7 , 175.8 , 0.0
175.8 , 175.9 , 0.0
175.9 , 176.0 , 0.0
176.0 , 176.1 , 0.0
176.1 , 176.2 , 0.0
176.2 , 176.3 , 0.0
176.3 , 176.4 , 0.0
176.4 , 176.5 , 0.0
176.5 , 176.6 , 0.0
176.6 , 176.7 , 0.0
176.7 , 176.8 , 0.0
176.8 , 176.9 , 0.0
176.9 , 177.0 , 0.0
177.0 , 177.1 , 0.0
177.1 , 177.2 , 0.0
177.2 , 177.3 , 0.0
177.3 , 177.4 , 0.0
177.4 , 177.5 , 0.0
177.5 , 177.6 , 0.0
177.6 , 177.7 , 0.0
177.7 , 177.8 , 0.0
177.8 , 177.9 , 0.0
177.9 , 178.0 , 0.0
178.0 , 178.1 , 0.0
178.1 , 178.2 , 0.0
178.2 , 178.3 , 0.0
178.3 , 178.4 , 0.0
178.4 , 178.5 , 0.0
178.5 , 178.6 , 0.0
178.6 , 178.7 , 0.0
178.7 , 178.8 , 0.0
178.8 , 178.9 , 0.0
178.9 , 179.0 , 0.0
179.0 , 179.1 , 0.0
179.1 , 179.2 , 0.0
179.2 , 179.3 , 0.0
179.3 , 179.4 , 0.0
179.4 , 179.5 , 0.0
179.5 , 179.6 , 0.0
179.6 , 179.7 , 0.0
179.7 , 179.8 , 0.0
179.8 , 179.9 , 0.0
179.9 , 180.0 , 0.0
180.0 , 180.1 , 0.0
180.1 , 180.2 , 0.0
180.2 , 180.3 , 0.0
180.3 , 180.4 , 0.0
180.4 , 180.5 , 0.0
180.5 , 180.6 , 0.0
180.6 , 180.7 , 0.0
180.7 , 180.8 , 0.0
180.8 , 180.9 , 0.0
180.9 , 181.0 , 0.0
181.0 , 181.1 , 0.0
181.1 , 181.2 , 0.0
181.2 , 181.3 , 0.0
181.3 , 181.4 , 0.0
181.4 , 181.5 , 0.0
181.5 , 181.6 , 0.0
181.6 , 181.7 , 0.0
181.7 , 181.8 , 0.0
181.8 , 181.9 , 0.0
181.9 , 182.0 , 0.0
182.0 , 182.1 , 0.0
182.1 , 182.2 , 0.0
182.2 , 182.3 , 0.0
182.3 , 182.4 , 0.0
182.4 , 182.5 , 0.0
182.5 , 182.6 , 0.0
182.6 , 182.7 , 0.0
182.7 , 182.8 , 0.0
182.8 , 182.9 , 0.0
182.9 , 183.0 , 0.0
183.0 , 183.1 , 0.0
183.1 , 183.2 , 0.0
183.2 , 183.3 , 0.0
183.3 , 183.4 , 0.0
183.4 , 183.5 , 0.0
183.5 , 183.6 , 0.0
183.6 , 183.7 , 0.0
183.7 , 183.8 , 0.0
183.8 , 183.9 , 0.0
183.9 , 184.0 , 0.0
184.0 , 184.1 , 0.0
184.1 , 184.2 , 0.0
184.2 , 184.3 , 0.0
184.3 , 184.4 , 0.0
184.4 , 184.5 , 0.0
184.5 , 184.6 , 0.0
184.6 , 184.7 , 0.0
184.7 , 184.8 , 0.0
184.8 , 184.9 , 0.0
184.9 , 185.0 , 0.0
185.0 , 185.1 , 0.0
185.1 , 185.2 , 0.0
185.2 , 185.3 , 0.0
185.3 , 185.4 , 0.0
185.4 , 185.5 , 0.0
185.5 , 185.6 , 0.0
185.6 , 185.7 , 0.0
185.7 , 185.8 , 0.0
185.8 , 185.9 , 0.0
185.9 , 186.0 , 0.0
186.0 , 186.1 , 0.0
186.1 , 186.2 , 0.0
186.2 , 186.3 , 0.0
186.3 , 186.4 , 0.0
186.4 , 186.5 , 0.0
186.5 , 186.6 , 0.0
186.6 , 186.7 , 0.0
186.7 , 186.8 , 0.0
186.8 , 186.9 , 0.0
186.9 , 187.0 , 0.0
187.0 , 187.1 , 0.0
187.1 , 187.2 , 0.0
187.2 , 187.3 , 0.0
187.3 , 187.4 , 0.0
187.4 , 187.5 , 0.0
187.5 , 187.6 , 0.0
187.6 , 187.7 , 0.0
187.7 , 187.8 , 0.0
187.8 , 187.9 , 0.0
187.9 , 188.0 , 0.0
188.0 , 188.1 , 0.0
188.1 , 188.2 , 0.0
188.2 , 188.3 , 0.0
188.3 , 188.4 , 0.0
188.4 , 188.5 , 0.0
188.5 , 188.6 , 0.0
188.6 , 188.7 , 0.0
188.7 , 188.8 , 0.0
188.8 , 188.9 , 0.0
188.9 , 189.0 , 0.0
189.0 , 189.1 , 0.0
189.1 , 189.2 , 0.0
189.2 , 189.3 , 0.0
189.3 , 189.4 , 0.0
189.4 , 189.5 , 0.0
189.5 , 189.6 , 0.0
189.6 , 189.7 , 0.0
189.7 , 189.8 , 0.0
189.8 , 189.9 , 0.0
189.9 , 190.0 , 0.0
190.0 , 190.1 , 0.0
190.1 , 190.2 , 0.0
190.2 , 190.3 , 0.0
190.3 , 190.4 , 0.0
190.4 , 190.5 , 0.0
190.5 , 190.6 , 0.0
190.6 , 190.7 , 0.0
190.7 , 190.8 , 0.0
190.8 , 190.9 , 0.0
190.9 , 191.0 , 0.0
191.0 , 191.1 , 0.0
191.1 , 191.2 , 0.0
191.2 , 191.3 , 0.0
191.3 , 191.4 , 0.0
191.4 , 191.5 , 0.0
191.5 , 191.6 , 0.0
191.6 , 191.7 , 0.0
191.7 , 191.8 , 0.0
191.8 , 191.9 , 0.0
191.9 , 192.0 , 0.0
192.0 , 192.1 , 0.0
192.1 , 192.2 , 0.0
192.2 , 192.3 , 0.0
192.3 , 192.4 , 0.0
192.4 , 192.5 , 0.0
192.5 , 192.6 , 0.0
192.6 , 192.7 , 0.0
192.7 , 192.8 , 0.0
192.8 , 192.9 , 0.0
192.9 , 193.0 , 0.0
193.0 , 193.1 , 0.0
193.1 , 193.2 , 0.0
193.2 , 193.3 , 0.0
193.3 , 193.4 , 0.0
193.4 , 193.5 , 0.0
193.5 , 193.6 , 0.0
193.6 , 193.7 , 0.0
193.7 , 193.8 , 0.0
193.8 , 193.9 , 0.0
193.9 , 194.0 , 0.0
194.0 , 194.1 , 0.0
194.1 , 194.2 , 0.0
194.2 , 194.3 , 0.0
194.3 , 194.4 , 1.0
194.4 , 194.5 , 0.0
194.5 , 194.6 , 0.0
194.6 , 194.7 , 0.0
194.7 , 194.8 , 0.0
194.8 , 194.9 , 0.0
194.9 , 195.0 , 0.0
195.0 , 195.1 , 0.0
195.1 , 195.2 , 0.0
195.2 , 195.3 , 0.0
195.3 , 195.4 , 0.0
195.4 , 195.5 , 0.0
195.5 , 195.6 , 0.0
195.6 , 195.7 , 0.0
195.7 , 195.8 , 0.0
195.8 , 195.9 , 0.0
195.9 , 196.0 , 0.0
196.0 , 196.1 , 0.0
196.1 , 196.2 , 0.0
196.2 , 196.3 , 0.0
196.3 , 196.4 , 0.0
196.4 , 196.5 , 0.0
196.5 , 196.6 , 0.0
196.6 , 196.7 , 0.0
196.7 , 196.8 , 0.0
196.8 , 196.9 , 0.0
196.9 , 197.0 , 0.0
197.0 , 197.1 , 0.0
197.1 , 197.2 , 0.0
197.2 , 197.3 , 0.0
197.3 , 197.4 , 0.0
197.4 , 197.5 , 0.0
197.5 , 197.6 , 0.0
197.6 , 197.7 , 0.0
197.7 , 197.8 , 0.0
197.8 , 197.9 , 0.0
197.9 , 198.0 , 0.0
198.0 , 198.1 , 0.0
198.1 , 198.2 , 0.0
198.2 , 198.3 , 0.0
198.3 , 198.4 , 0.0
198.4 , 198.5 , 0.0
198.5 , 198.6 , 0.0
198.6 , 198.7 , 0.0
198.7 , 198.8 , 0.0
198.8 , 198.9 , 0.0
198.9 , 199.0 , 0.0
199.0 , 199.1 , 0.0
199.1 , 199.2 , 0.0
199.2 , 199.3 , 0.0
199.3 , 199.4 , 0.0
199.4 , 199.5 , 0.0
199.5 , 199.6 , 0.0
199.6 , 199.7 , 0.0
199.7 , 199.8 , 0.0
199.8 , 199.9 , 0.0
199.9 , 200.0 , 0.0
200.0 , 200.1 , 0.0
200.1 , 200.2 , 0.0
200.2 , 200.3 , 0.0
200.3 , 200.4 , 0.0
200.4 , 200.5 , 0.0
200.5 , 200.6 , 0.0
200.6 , 200.7 , 0.0
200.7 , 200.8 , 0.0
200.8 , 200.9 , 0.0
200.9 , 201.0 , 0.0
201.0 , 201.1 , 0.0
201.1 , 201.2 , 0.0
201.2 , 201.3 , 0.0
201.3 , 201.4 , 0.0
201.4 , 201.5 , 0.0
201.5 , 201.6 , 0.0
201.6 , 201.7 , 0.0
201.7 , 201.8 , 0.0
201.8 , 201.9 , 0.0
201.9 , 202.0 , 0.0
202.0 , 202.1 , 0.0
202.1 , 202.2 , 0.0
202.2 , 202.3 , 0.0
202.3 , 202.4 , 0.0
202.4 , 202.5 , 0.0
202.5 , 202.6 , 0.0
202.6 , 202.7 , 0.0
202.7 , 202.8 , 0.0
202.8 , 202.9 , 0.0
202.9 , 203.0 , 0.0
203.0 , 203.1 , 0.0
203.1 , 203.2 , 0.0
203.2 , 203.3 , 0.0
203.3 , 203.4 , 0.0
203.4 , 203.5 , 0.0
203.5 , 203.6 , 0.0
203.6 , 203.7 , 0.0
203.7 , 203.8 , 0.0
203.8 , 203.9 , 0.0
203.9 , 204.0 , 0.0
Hitting density of particle with y-axis and density
0.0 , 0.1 , 20.0
0.1 , 0.2 , 0.0
0.2 , 0.3 , 0.0
0.3 , 0.4 , 0.0
0.4 , 0.5 , 0.0
0.5 , 0.6 , 0.0
0.6 , 0.7 , 0.0
0.7 , 0.8 , 0.0
0.8 , 0.9 , 0.0
0.9 , 1.0 , 5.0
1.0 , 1.1 , 5.0
1.1 , 1.2 , 3.0
1.2 , 1.3 , 4.0
1.3 , 1.4 , 11.0
1.4 , 1.5 , 11.0
1.5 , 1.6 , 7.0
1.6 , 1.7 , 11.0
1.7 , 1.8 , 20.0
1.8 , 1.9 , 14.0
1.9 , 2.0 , 17.0
2.0 , 2.1 , 20.0
2.1 , 2.2 , 22.0
2.2 , 2.3 , 26.0
2.3 , 2.4 , 30.0
2.4 , 2.5 , 17.0
2.5 , 2.6 , 26.0
2.6 , 2.7 , 30.0
2.7 , 2.8 , 22.0
2.8 , 2.9 , 30.0
2.9 , 3.0 , 28.0
3.0 , 3.1 , 28.0
3.1 , 3.2 , 32.0
3.2 , 3.3 , 27.0
3.3 , 3.4 , 23.0
3.4 , 3.5 , 22.0
3.5 , 3.6 , 37.0
3.6 , 3.7 , 31.0
3.7 , 3.8 , 23.0
3.8 , 3.9 , 24.0
3.9 , 4.0 , 18.0
4.0 , 4.1 , 23.0
4.1 , 4.2 , 30.0
4.2 , 4.3 , 29.0
4.3 , 4.4 , 19.0
4.4 , 4.5 , 21.0
4.5 , 4.6 , 15.0
4.6 , 4.7 , 17.0
4.7 , 4.8 , 17.0
4.8 , 4.9 , 14.0
4.9 , 5.0 , 22.0
5.0 , 5.1 , 15.0
5.1 , 5.2 , 17.0
5.2 , 5.3 , 12.0
5.3 , 5.4 , 17.0
5.4 , 5.5 , 16.0
5.5 , 5.6 , 17.0
5.6 , 5.7 , 15.0
5.7 , 5.8 , 15.0
5.8 , 5.9 , 14.0
5.9 , 6.0 , 16.0
6.0 , 6.1 , 7.0
6.1 , 6.2 , 5.0
6.2 , 6.3 , 10.0
6.3 , 6.4 , 11.0
6.4 , 6.5 , 12.0
6.5 , 6.6 , 11.0
6.6 , 6.7 , 7.0
6.7 , 6.8 , 13.0
6.8 , 6.9 , 4.0
6.9 , 7.0 , 7.0
7.0 , 7.1 , 12.0
7.1 , 7.2 , 8.0
7.2 , 7.3 , 4.0
7.3 , 7.4 , 7.0
7.4 , 7.5 , 4.0
7.5 , 7.6 , 7.0
7.6 , 7.7 , 3.0
7.7 , 7.8 , 7.0
7.8 , 7.9 , 10.0
7.9 , 8.0 , 8.0
8.0 , 8.1 , 4.0
8.1 , 8.2 , 4.0
8.2 , 8.3 , 3.0
8.3 , 8.4 , 3.0
8.4 , 8.5 , 4.0
8.5 , 8.6 , 3.0
8.6 , 8.7 , 3.0
8.7 , 8.8 , 6.0
8.8 , 8.9 , 9.0
8.9 , 9.0 , 6.0
9.0 , 9.1 , 4.0
9.1 , 9.2 , 4.0
9.2 , 9.3 , 5.0
9.3 , 9.4 , 7.0
9.4 , 9.5 , 2.0
9.5 , 9.6 , 6.0
9.6 , 9.7 , 6.0
9.7 , 9.8 , 5.0
9.8 , 9.9 , 1.0
9.9 , 10.0 , 3.0
10.0 , 10.1 , 9.0
10.1 , 10.2 , 2.0
10.2 , 10.3 , 2.0
10.3 , 10.4 , 3.0
10.4 , 10.5 , 2.0
10.5 , 10.6 , 2.0
10.6 , 10.7 , 1.0
10.7 , 10.8 , 1.0
10.8 , 10.9 , 1.0
10.9 , 11.0 , 0.0
11.0 , 11.1 , 2.0
11.1 , 11.2 , 8.0
11.2 , 11.3 , 5.0
11.3 , 11.4 , 2.0
11.4 , 11.5 , 0.0
11.5 , 11.6 , 6.0
11.6 , 11.7 , 2.0
11.7 , 11.8 , 2.0
11.8 , 11.9 , 1.0
11.9 , 12.0 , 0.0
12.0 , 12.1 , 2.0
12.1 , 12.2 , 3.0
12.2 , 12.3 , 3.0
12.3 , 12.4 , 0.0
12.4 , 12.5 , 2.0
12.5 , 12.6 , 0.0
12.6 , 12.7 , 1.0
12.7 , 12.8 , 1.0
12.8 , 12.9 , 0.0
12.9 , 13.0 , 3.0
13.0 , 13.1 , 0.0
13.1 , 13.2 , 1.0
13.2 , 13.3 , 0.0
13.3 , 13.4 , 2.0
13.4 , 13.5 , 2.0
13.5 , 13.6 , 1.0
13.6 , 13.7 , 1.0
13.7 , 13.8 , 1.0
13.8 , 13.9 , 3.0
13.9 , 14.0 , 0.0
14.0 , 14.1 , 1.0
14.1 , 14.2 , 0.0
14.2 , 14.3 , 1.0
14.3 , 14.4 , 0.0
14.4 , 14.5 , 1.0
14.5 , 14.6 , 3.0
14.6 , 14.7 , 2.0
14.7 , 14.8 , 0.0
14.8 , 14.9 , 0.0
14.9 , 15.0 , 2.0
15.0 , 15.1 , 0.0
15.1 , 15.2 , 1.0
15.2 , 15.3 , 0.0
15.3 , 15.4 , 1.0
15.4 , 15.5 , 0.0
15.5 , 15.6 , 0.0
15.6 , 15.7 , 1.0
15.7 , 15.8 , 0.0
15.8 , 15.9 , 2.0
15.9 , 16.0 , 2.0
16.0 , 16.1 , 0.0
16.1 , 16.2 , 3.0
16.2 , 16.3 , 0.0
16.3 , 16.4 , 1.0
16.4 , 16.5 , 1.0
16.5 , 16.6 , 0.0
16.6 , 16.7 , 1.0
16.7 , 16.8 , 1.0
16.8 , 16.9 , 1.0
16.9 , 17.0 , 1.0
17.0 , 17.1 , 0.0
17.1 , 17.2 , 2.0
17.2 , 17.3 , 1.0
17.3 , 17.4 , 2.0
17.4 , 17.5 , 1.0
17.5 , 17.6 , 3.0
17.6 , 17.7 , 2.0
17.7 , 17.8 , 0.0
17.8 , 17.9 , 0.0
17.9 , 18.0 , 0.0
18.0 , 18.1 , 2.0
18.1 , 18.2 , 1.0
18.2 , 18.3 , 2.0
18.3 , 18.4 , 4.0
18.4 , 18.5 , 0.0
18.5 , 18.6 , 0.0
18.6 , 18.7 , 0.0
18.7 , 18.8 , 1.0
18.8 , 18.9 , 2.0
18.9 , 19.0 , 0.0
19.0 , 19.1 , 0.0
19.1 , 19.2 , 0.0
19.2 , 19.3 , 0.0
19.3 , 19.4 , 2.0
19.4 , 19.5 , 1.0
19.5 , 19.6 , 2.0
19.6 , 19.7 , 1.0
19.7 , 19.8 , 0.0
19.8 , 19.9 , 0.0
19.9 , 20.0 , 1.0
20.0 , 20.1 , 0.0
20.1 , 20.2 , 1.0
20.2 , 20.3 , 1.0
20.3 , 20.4 , 0.0
20.4 , 20.5 , 0.0
20.5 , 20.6 , 1.0
20.6 , 20.7 , 0.0
20.7 , 20.8 , 0.0
20.8 , 20.9 , 0.0
20.9 , 21.0 , 1.0
21.0 , 21.1 , 1.0
21.1 , 21.2 , 0.0
21.2 , 21.3 , 0.0
21.3 , 21.4 , 0.0
21.4 , 21.5 , 0.0
21.5 , 21.6 , 1.0
21.6 , 21.7 , 0.0
21.7 , 21.8 , 0.0
21.8 , 21.9 , 0.0
21.9 , 22.0 , 0.0
22.0 , 22.1 , 0.0
22.1 , 22.2 , 0.0
22.2 , 22.3 , 0.0
22.3 , 22.4 , 1.0
22.4 , 22.5 , 0.0
22.5 , 22.6 , 0.0
22.6 , 22.7 , 0.0
22.7 , 22.8 , 0.0
22.8 , 22.9 , 0.0
22.9 , 23.0 , 0.0
23.0 , 23.1 , 0.0
23.1 , 23.2 , 1.0
23.2 , 23.3 , 0.0
23.3 , 23.4 , 0.0
23.4 , 23.5 , 1.0
23.5 , 23.6 , 1.0
23.6 , 23.7 , 0.0
23.7 , 23.8 , 1.0
23.8 , 23.9 , 0.0
23.9 , 24.0 , 1.0
24.0 , 24.1 , 1.0
24.1 , 24.2 , 0.0
24.2 , 24.3 , 0.0
24.3 , 24.4 , 0.0
24.4 , 24.5 , 0.0
24.5 , 24.6 , 0.0
24.6 , 24.7 , 1.0
24.7 , 24.8 , 0.0
24.8 , 24.9 , 0.0
24.9 , 25.0 , 0.0
25.0 , 25.1 , 1.0
25.1 , 25.2 , 0.0
25.2 , 25.3 , 0.0
25.3 , 25.4 , 0.0
25.4 , 25.5 , 0.0
25.5 , 25.6 , 0.0
25.6 , 25.7 , 0.0
25.7 , 25.8 , 1.0
25.8 , 25.9 , 1.0
25.9 , 26.0 , 1.0
26.0 , 26.1 , 1.0
26.1 , 26.2 , 0.0
26.2 , 26.3 , 0.0
26.3 , 26.4 , 0.0
26.4 , 26.5 , 0.0
26.5 , 26.6 , 0.0
26.6 , 26.7 , 1.0
26.7 , 26.8 , 0.0
26.8 , 26.9 , 0.0
26.9 , 27.0 , 0.0
27.0 , 27.1 , 0.0
27.1 , 27.2 , 0.0
27.2 , 27.3 , 0.0
27.3 , 27.4 , 1.0
27.4 , 27.5 , 0.0
27.5 , 27.6 , 1.0
27.6 , 27.7 , 0.0
27.7 , 27.8 , 1.0
27.8 , 27.9 , 0.0
27.9 , 28.0 , 0.0
28.0 , 28.1 , 0.0
28.1 , 28.2 , 0.0
28.2 , 28.3 , 0.0
28.3 , 28.4 , 1.0
28.4 , 28.5 , 0.0
28.5 , 28.6 , 0.0
28.6 , 28.7 , 0.0
28.7 , 28.8 , 0.0
28.8 , 28.9 , 0.0
28.9 , 29.0 , 1.0
29.0 , 29.1 , 1.0
29.1 , 29.2 , 0.0
29.2 , 29.3 , 0.0
29.3 , 29.4 , 0.0
29.4 , 29.5 , 1.0
29.5 , 29.6 , 0.0
29.6 , 29.7 , 0.0
29.7 , 29.8 , 0.0
29.8 , 29.9 , 0.0
29.9 , 30.0 , 0.0
30.0 , 30.1 , 0.0
30.1 , 30.2 , 0.0
30.2 , 30.3 , 0.0
30.3 , 30.4 , 0.0
30.4 , 30.5 , 1.0
30.5 , 30.6 , 1.0
30.6 , 30.7 , 0.0
30.7 , 30.8 , 0.0
30.8 , 30.9 , 0.0
30.9 , 31.0 , 0.0
31.0 , 31.1 , 0.0
31.1 , 31.2 , 0.0
31.2 , 31.3 , 0.0
31.3 , 31.4 , 0.0
31.4 , 31.5 , 1.0
31.5 , 31.6 , 0.0
31.6 , 31.7 , 0.0
31.7 , 31.8 , 0.0
31.8 , 31.9 , 0.0
31.9 , 32.0 , 0.0
32.0 , 32.1 , 0.0
32.1 , 32.2 , 0.0
32.2 , 32.3 , 0.0
32.3 , 32.4 , 0.0
32.4 , 32.5 , 2.0
32.5 , 32.6 , 0.0
32.6 , 32.7 , 0.0
32.7 , 32.8 , 0.0
32.8 , 32.9 , 0.0
32.9 , 33.0 , 0.0
33.0 , 33.1 , 0.0
33.1 , 33.2 , 0.0
33.2 , 33.3 , 0.0
33.3 , 33.4 , 0.0
33.4 , 33.5 , 0.0
33.5 , 33.6 , 1.0
33.6 , 33.7 , 0.0
33.7 , 33.8 , 0.0
33.8 , 33.9 , 0.0
33.9 , 34.0 , 1.0
34.0 , 34.1 , 0.0
34.1 , 34.2 , 0.0
34.2 , 34.3 , 0.0
34.3 , 34.4 , 0.0
34.4 , 34.5 , 0.0
34.5 , 34.6 , 0.0
34.6 , 34.7 , 0.0
34.7 , 34.8 , 0.0
34.8 , 34.9 , 0.0
34.9 , 35.0 , 0.0
35.0 , 35.1 , 0.0
35.1 , 35.2 , 0.0
35.2 , 35.3 , 0.0
35.3 , 35.4 , 1.0
35.4 , 35.5 , 0.0
35.5 , 35.6 , 0.0
35.6 , 35.7 , 0.0
35.7 , 35.8 , 0.0
35.8 , 35.9 , 0.0
35.9 , 36.0 , 0.0
36.0 , 36.1 , 0.0
36.1 , 36.2 , 1.0
36.2 , 36.3 , 0.0
36.3 , 36.4 , 0.0
36.4 , 36.5 , 0.0
36.5 , 36.6 , 0.0
36.6 , 36.7 , 0.0
36.7 , 36.8 , 0.0
36.8 , 36.9 , 0.0
36.9 , 37.0 , 0.0
37.0 , 37.1 , 0.0
37.1 , 37.2 , 0.0
37.2 , 37.3 , 0.0
37.3 , 37.4 , 0.0
37.4 , 37.5 , 0.0
37.5 , 37.6 , 0.0
37.6 , 37.7 , 0.0
37.7 , 37.8 , 0.0
37.8 , 37.9 , 0.0
37.9 , 38.0 , 1.0
38.0 , 38.1 , 0.0
38.1 , 38.2 , 0.0
38.2 , 38.3 , 0.0
38.3 , 38.4 , 0.0
38.4 , 38.5 , 0.0
38.5 , 38.6 , 0.0
38.6 , 38.7 , 0.0
38.7 , 38.8 , 0.0
38.8 , 38.9 , 0.0
38.9 , 39.0 , 0.0
39.0 , 39.1 , 0.0
39.1 , 39.2 , 0.0
39.2 , 39.3 , 0.0
39.3 , 39.4 , 0.0
39.4 , 39.5 , 0.0
39.5 , 39.6 , 0.0
39.6 , 39.7 , 0.0
39.7 , 39.8 , 0.0
39.8 , 39.9 , 0.0
39.9 , 40.0 , 0.0
40.0 , 40.1 , 0.0
40.1 , 40.2 , 0.0
40.2 , 40.3 , 0.0
40.3 , 40.4 , 0.0
40.4 , 40.5 , 0.0
40.5 , 40.6 , 0.0
40.6 , 40.7 , 0.0
40.7 , 40.8 , 0.0
40.8 , 40.9 , 0.0
40.9 , 41.0 , 0.0
41.0 , 41.1 , 0.0
41.1 , 41.2 , 0.0
41.2 , 41.3 , 0.0
41.3 , 41.4 , 0.0
41.4 , 41.5 , 0.0
41.5 , 41.6 , 0.0
41.6 , 41.7 , 0.0
41.7 , 41.8 , 0.0
41.8 , 41.9 , 0.0
41.9 , 42.0 , 0.0
42.0 , 42.1 , 0.0
42.1 , 42.2 , 0.0
42.2 , 42.3 , 0.0
42.3 , 42.4 , 0.0
42.4 , 42.5 , 0.0
42.5 , 42.6 , 0.0
42.6 , 42.7 , 0.0
42.7 , 42.8 , 0.0
42.8 , 42.9 , 1.0
42.9 , 43.0 , 0.0
43.0 , 43.1 , 0.0
43.1 , 43.2 , 1.0
43.2 , 43.3 , 0.0
43.3 , 43.4 , 0.0
43.4 , 43.5 , 0.0
43.5 , 43.6 , 0.0
43.6 , 43.7 , 0.0
43.7 , 43.8 , 0.0
43.8 , 43.9 , 0.0
43.9 , 44.0 , 0.0
44.0 , 44.1 , 0.0
44.1 , 44.2 , 0.0
44.2 , 44.3 , 0.0
44.3 , 44.4 , 0.0
44.4 , 44.5 , 0.0
44.5 , 44.6 , 0.0
44.6 , 44.7 , 0.0
44.7 , 44.8 , 0.0
44.8 , 44.9 , 0.0
44.9 , 45.0 , 0.0
45.0 , 45.1 , 0.0
45.1 , 45.2 , 0.0
45.2 , 45.3 , 0.0
45.3 , 45.4 , 1.0
45.4 , 45.5 , 0.0
45.5 , 45.6 , 0.0
45.6 , 45.7 , 0.0
45.7 , 45.8 , 0.0
45.8 , 45.9 , 0.0
45.9 , 46.0 , 0.0
46.0 , 46.1 , 1.0
46.1 , 46.2 , 0.0
46.2 , 46.3 , 0.0
46.3 , 46.4 , 0.0
46.4 , 46.5 , 0.0
46.5 , 46.6 , 0.0
46.6 , 46.7 , 0.0
46.7 , 46.8 , 0.0
46.8 , 46.9 , 0.0
46.9 , 47.0 , 0.0
47.0 , 47.1 , 0.0
47.1 , 47.2 , 0.0
47.2 , 47.3 , 0.0
47.3 , 47.4 , 0.0
47.4 , 47.5 , 0.0
47.5 , 47.6 , 0.0
47.6 , 47.7 , 0.0
47.7 , 47.8 , 0.0
47.8 , 47.9 , 0.0
47.9 , 48.0 , 0.0
48.0 , 48.1 , 0.0
48.1 , 48.2 , 0.0
48.2 , 48.3 , 0.0
48.3 , 48.4 , 0.0
48.4 , 48.5 , 0.0
48.5 , 48.6 , 0.0
48.6 , 48.7 , 0.0
48.7 , 48.8 , 0.0
48.8 , 48.9 , 0.0
48.9 , 49.0 , 0.0
49.0 , 49.1 , 0.0
49.1 , 49.2 , 0.0
49.2 , 49.3 , 0.0
49.3 , 49.4 , 0.0
49.4 , 49.5 , 0.0
49.5 , 49.6 , 0.0
49.6 , 49.7 , 0.0
49.7 , 49.8 , 0.0
49.8 , 49.9 , 0.0
49.9 , 50.0 , 0.0
50.0 , 50.1 , 0.0
50.1 , 50.2 , 0.0
50.2 , 50.3 , 0.0
50.3 , 50.4 , 0.0
50.4 , 50.5 , 0.0
50.5 , 50.6 , 1.0
50.6 , 50.7 , 0.0
50.7 , 50.8 , 0.0
50.8 , 50.9 , 0.0
50.9 , 51.0 , 0.0
51.0 , 51.1 , 0.0
51.1 , 51.2 , 0.0
51.2 , 51.3 , 0.0
51.3 , 51.4 , 0.0
51.4 , 51.5 , 0.0
51.5 , 51.6 , 0.0
51.6 , 51.7 , 0.0
51.7 , 51.8 , 0.0
51.8 , 51.9 , 0.0
51.9 , 52.0 , 0.0
52.0 , 52.1 , 0.0
52.1 , 52.2 , 0.0
52.2 , 52.3 , 0.0
52.3 , 52.4 , 0.0
52.4 , 52.5 , 0.0
52.5 , 52.6 , 0.0
52.6 , 52.7 , 0.0
52.7 , 52.8 , 0.0
52.8 , 52.9 , 0.0
52.9 , 53.0 , 0.0
53.0 , 53.1 , 1.0
53.1 , 53.2 , 0.0
53.2 , 53.3 , 1.0
53.3 , 53.4 , 0.0
53.4 , 53.5 , 1.0
53.5 , 53.6 , 0.0
53.6 , 53.7 , 0.0
53.7 , 53.8 , 0.0
53.8 , 53.9 , 0.0
53.9 , 54.0 , 0.0
54.0 , 54.1 , 0.0
54.1 , 54.2 , 0.0
54.2 , 54.3 , 0.0
54.3 , 54.4 , 0.0
54.4 , 54.5 , 0.0
54.5 , 54.6 , 0.0
54.6 , 54.7 , 0.0
54.7 , 54.8 , 0.0
54.8 , 54.9 , 0.0
54.9 , 55.0 , 0.0
55.0 , 55.1 , 0.0
55.1 , 55.2 , 0.0
55.2 , 55.3 , 0.0
55.3 , 55.4 , 0.0
55.4 , 55.5 , 0.0
55.5 , 55.6 , 0.0
55.6 , 55.7 , 0.0
55.7 , 55.8 , 0.0
55.8 , 55.9 , 0.0
55.9 , 56.0 , 0.0
56.0 , 56.1 , 0.0
56.1 , 56.2 , 0.0
56.2 , 56.3 , 0.0
56.3 , 56.4 , 0.0
56.4 , 56.5 , 0.0
56.5 , 56.6 , 0.0
56.6 , 56.7 , 0.0
56.7 , 56.8 , 0.0
56.8 , 56.9 , 0.0
56.9 , 57.0 , 0.0
57.0 , 57.1 , 0.0
57.1 , 57.2 , 1.0
57.2 , 57.3 , 0.0
57.3 , 57.4 , 0.0
57.4 , 57.5 , 0.0
57.5 , 57.6 , 0.0
57.6 , 57.7 , 0.0
57.7 , 57.8 , 0.0
57.8 , 57.9 , 0.0
57.9 , 58.0 , 0.0
58.0 , 58.1 , 0.0
58.1 , 58.2 , 0.0
58.2 , 58.3 , 0.0
58.3 , 58.4 , 0.0
58.4 , 58.5 , 0.0
58.5 , 58.6 , 0.0
58.6 , 58.7 , 0.0
58.7 , 58.8 , 0.0
58.8 , 58.9 , 0.0
58.9 , 59.0 , 0.0
59.0 , 59.1 , 0.0
59.1 , 59.2 , 0.0
59.2 , 59.3 , 0.0
59.3 , 59.4 , 0.0
59.4 , 59.5 , 0.0
59.5 , 59.6 , 0.0
59.6 , 59.7 , 0.0
59.7 , 59.8 , 0.0
59.8 , 59.9 , 0.0
59.9 , 60.0 , 0.0
60.0 , 60.1 , 0.0
60.1 , 60.2 , 0.0
60.2 , 60.3 , 0.0
60.3 , 60.4 , 0.0
60.4 , 60.5 , 0.0
60.5 , 60.6 , 0.0
60.6 , 60.7 , 0.0
60.7 , 60.8 , 0.0
60.8 , 60.9 , 0.0
60.9 , 61.0 , 0.0
61.0 , 61.1 , 1.0
61.1 , 61.2 , 0.0
61.2 , 61.3 , 0.0
61.3 , 61.4 , 0.0
61.4 , 61.5 , 0.0
61.5 , 61.6 , 0.0
61.6 , 61.7 , 0.0
61.7 , 61.8 , 0.0
61.8 , 61.9 , 0.0
61.9 , 62.0 , 0.0
62.0 , 62.1 , 0.0
62.1 , 62.2 , 0.0
62.2 , 62.3 , 0.0
62.3 , 62.4 , 0.0
62.4 , 62.5 , 0.0
62.5 , 62.6 , 0.0
62.6 , 62.7 , 0.0
62.7 , 62.8 , 0.0
62.8 , 62.9 , 0.0
62.9 , 63.0 , 0.0
63.0 , 63.1 , 0.0
63.1 , 63.2 , 0.0
63.2 , 63.3 , 0.0
63.3 , 63.4 , 0.0
63.4 , 63.5 , 0.0
63.5 , 63.6 , 0.0
63.6 , 63.7 , 0.0
63.7 , 63.8 , 0.0
63.8 , 63.9 , 0.0
63.9 , 64.0 , 0.0
64.0 , 64.1 , 0.0
64.1 , 64.2 , 0.0
64.2 , 64.3 , 0.0
64.3 , 64.4 , 0.0
64.4 , 64.5 , 0.0
64.5 , 64.6 , 0.0
64.6 , 64.7 , 0.0
64.7 , 64.8 , 0.0
64.8 , 64.9 , 0.0
64.9 , 65.0 , 0.0
65.0 , 65.1 , 0.0
65.1 , 65.2 , 0.0
65.2 , 65.3 , 0.0
65.3 , 65.4 , 0.0
65.4 , 65.5 , 0.0
65.5 , 65.6 , 0.0
65.6 , 65.7 , 0.0
65.7 , 65.8 , 0.0
65.8 , 65.9 , 0.0
65.9 , 66.0 , 0.0
66.0 , 66.1 , 0.0
66.1 , 66.2 , 0.0
66.2 , 66.3 , 0.0
66.3 , 66.4 , 0.0
66.4 , 66.5 , 0.0
66.5 , 66.6 , 0.0
66.6 , 66.7 , 0.0
66.7 , 66.8 , 0.0
66.8 , 66.9 , 0.0
66.9 , 67.0 , 0.0
67.0 , 67.1 , 0.0
67.1 , 67.2 , 0.0
67.2 , 67.3 , 0.0
67.3 , 67.4 , 0.0
67.4 , 67.5 , 0.0
67.5 , 67.6 , 0.0
67.6 , 67.7 , 0.0
67.7 , 67.8 , 0.0
67.8 , 67.9 , 0.0
67.9 , 68.0 , 0.0
68.0 , 68.1 , 0.0
68.1 , 68.2 , 0.0
68.2 , 68.3 , 0.0
68.3 , 68.4 , 0.0
68.4 , 68.5 , 0.0
68.5 , 68.6 , 0.0
68.6 , 68.7 , 0.0
68.7 , 68.8 , 0.0
68.8 , 68.9 , 0.0
68.9 , 69.0 , 0.0
69.0 , 69.1 , 0.0
69.1 , 69.2 , 0.0
69.2 , 69.3 , 0.0
69.3 , 69.4 , 0.0
69.4 , 69.5 , 0.0
69.5 , 69.6 , 0.0
69.6 , 69.7 , 0.0
69.7 , 69.8 , 0.0
69.8 , 69.9 , 0.0
69.9 , 70.0 , 0.0
70.0 , 70.1 , 0.0
70.1 , 70.2 , 0.0
70.2 , 70.3 , 0.0
70.3 , 70.4 , 0.0
70.4 , 70.5 , 0.0
70.5 , 70.6 , 0.0
70.6 , 70.7 , 0.0
70.7 , 70.8 , 0.0
70.8 , 70.9 , 0.0
70.9 , 71.0 , 0.0
71.0 , 71.1 , 0.0
71.1 , 71.2 , 0.0
71.2 , 71.3 , 0.0
71.3 , 71.4 , 0.0
71.4 , 71.5 , 0.0
71.5 , 71.6 , 0.0
71.6 , 71.7 , 0.0
71.7 , 71.8 , 0.0
71.8 , 71.9 , 0.0
71.9 , 72.0 , 0.0
72.0 , 72.1 , 0.0
72.1 , 72.2 , 0.0
72.2 , 72.3 , 0.0
72.3 , 72.4 , 0.0
72.4 , 72.5 , 0.0
72.5 , 72.6 , 0.0
72.6 , 72.7 , 0.0
72.7 , 72.8 , 0.0
72.8 , 72.9 , 0.0
72.9 , 73.0 , 0.0
73.0 , 73.1 , 0.0
73.1 , 73.2 , 0.0
73.2 , 73.3 , 0.0
73.3 , 73.4 , 0.0
73.4 , 73.5 , 0.0
73.5 , 73.6 , 0.0
73.6 , 73.7 , 0.0
73.7 , 73.8 , 0.0
73.8 , 73.9 , 0.0
73.9 , 74.0 , 0.0
74.0 , 74.1 , 0.0
74.1 , 74.2 , 0.0
74.2 , 74.3 , 0.0
74.3 , 74.4 , 0.0
74.4 , 74.5 , 0.0
74.5 , 74.6 , 0.0
74.6 , 74.7 , 0.0
74.7 , 74.8 , 0.0
74.8 , 74.9 , 0.0
74.9 , 75.0 , 0.0
75.0 , 75.1 , 0.0
75.1 , 75.2 , 0.0
75.2 , 75.3 , 0.0
75.3 , 75.4 , 0.0
75.4 , 75.5 , 0.0
75.5 , 75.6 , 0.0
75.6 , 75.7 , 0.0
75.7 , 75.8 , 0.0
75.8 , 75.9 , 0.0
75.9 , 76.0 , 0.0
76.0 , 76.1 , 0.0
76.1 , 76.2 , 0.0
76.2 , 76.3 , 0.0
76.3 , 76.4 , 0.0
76.4 , 76.5 , 0.0
76.5 , 76.6 , 0.0
76.6 , 76.7 , 0.0
76.7 , 76.8 , 0.0
76.8 , 76.9 , 0.0
76.9 , 77.0 , 0.0
77.0 , 77.1 , 0.0
77.1 , 77.2 , 0.0
77.2 , 77.3 , 0.0
77.3 , 77.4 , 0.0
77.4 , 77.5 , 0.0
77.5 , 77.6 , 0.0
77.6 , 77.7 , 0.0
77.7 , 77.8 , 0.0
77.8 , 77.9 , 0.0
77.9 , 78.0 , 0.0
78.0 , 78.1 , 0.0
78.1 , 78.2 , 0.0
78.2 , 78.3 , 0.0
78.3 , 78.4 , 0.0
78.4 , 78.5 , 0.0
78.5 , 78.6 , 0.0
78.6 , 78.7 , 0.0
78.7 , 78.8 , 0.0
78.8 , 78.9 , 0.0
78.9 , 79.0 , 0.0
79.0 , 79.1 , 0.0
79.1 , 79.2 , 0.0
79.2 , 79.3 , 0.0
79.3 , 79.4 , 0.0
79.4 , 79.5 , 0.0
79.5 , 79.6 , 0.0
79.6 , 79.7 , 0.0
79.7 , 79.8 , 0.0
79.8 , 79.9 , 0.0
79.9 , 80.0 , 0.0
80.0 , 80.1 , 0.0
80.1 , 80.2 , 0.0
80.2 , 80.3 , 0.0
80.3 , 80.4 , 0.0
80.4 , 80.5 , 0.0
80.5 , 80.6 , 0.0
80.6 , 80.7 , 0.0
80.7 , 80.8 , 0.0
80.8 , 80.9 , 0.0
80.9 , 81.0 , 0.0
81.0 , 81.1 , 0.0
81.1 , 81.2 , 0.0
81.2 , 81.3 , 0.0
81.3 , 81.4 , 0.0
81.4 , 81.5 , 0.0
81.5 , 81.6 , 0.0
81.6 , 81.7 , 0.0
81.7 , 81.8 , 0.0
81.8 , 81.9 , 0.0
81.9 , 82.0 , 0.0
82.0 , 82.1 , 0.0
82.1 , 82.2 , 0.0
82.2 , 82.3 , 0.0
82.3 , 82.4 , 0.0
82.4 , 82.5 , 0.0
82.5 , 82.6 , 0.0
82.6 , 82.7 , 0.0
82.7 , 82.8 , 0.0
82.8 , 82.9 , 0.0
82.9 , 83.0 , 0.0
83.0 , 83.1 , 0.0
83.1 , 83.2 , 0.0
83.2 , 83.3 , 0.0
83.3 , 83.4 , 0.0
83.4 , 83.5 , 0.0
83.5 , 83.6 , 0.0
83.6 , 83.7 , 0.0
83.7 , 83.8 , 0.0
83.8 , 83.9 , 0.0
83.9 , 84.0 , 0.0
84.0 , 84.1 , 0.0
84.1 , 84.2 , 0.0
84.2 , 84.3 , 0.0
84.3 , 84.4 , 0.0
84.4 , 84.5 , 0.0
84.5 , 84.6 , 0.0
84.6 , 84.7 , 0.0
84.7 , 84.8 , 0.0
84.8 , 84.9 , 0.0
84.9 , 85.0 , 0.0
85.0 , 85.1 , 0.0
85.1 , 85.2 , 0.0
85.2 , 85.3 , 0.0
85.3 , 85.4 , 0.0
85.4 , 85.5 , 0.0
85.5 , 85.6 , 0.0
85.6 , 85.7 , 0.0
85.7 , 85.8 , 0.0
85.8 , 85.9 , 0.0
85.9 , 86.0 , 0.0
86.0 , 86.1 , 0.0
86.1 , 86.2 , 0.0
86.2 , 86.3 , 0.0
86.3 , 86.4 , 0.0
86.4 , 86.5 , 0.0
86.5 , 86.6 , 0.0
86.6 , 86.7 , 0.0
86.7 , 86.8 , 0.0
86.8 , 86.9 , 0.0
86.9 , 87.0 , 1.0
87.0 , 87.1 , 0.0
87.1 , 87.2 , 0.0
87.2 , 87.3 , 0.0
87.3 , 87.4 , 0.0
87.4 , 87.5 , 0.0
87.5 , 87.6 , 0.0
87.6 , 87.7 , 0.0
87.7 , 87.8 , 0.0
87.8 , 87.9 , 0.0
87.9 , 88.0 , 0.0
88.0 , 88.1 , 0.0
88.1 , 88.2 , 0.0
88.2 , 88.3 , 0.0
88.3 , 88.4 , 0.0
88.4 , 88.5 , 0.0
88.5 , 88.6 , 0.0
88.6 , 88.7 , 0.0
88.7 , 88.8 , 0.0
88.8 , 88.9 , 0.0
88.9 , 89.0 , 0.0
89.0 , 89.1 , 0.0
89.1 , 89.2 , 0.0
89.2 , 89.3 , 0.0
89.3 , 89.4 , 0.0
89.4 , 89.5 , 0.0
89.5 , 89.6 , 0.0
89.6 , 89.7 , 0.0
89.7 , 89.8 , 0.0
89.8 , 89.9 , 0.0
89.9 , 90.0 , 0.0
90.0 , 90.1 , 0.0
90.1 , 90.2 , 0.0
90.2 , 90.3 , 0.0
90.3 , 90.4 , 0.0
90.4 , 90.5 , 0.0
90.5 , 90.6 , 0.0
90.6 , 90.7 , 0.0
90.7 , 90.8 , 0.0
90.8 , 90.9 , 0.0
90.9 , 91.0 , 0.0
91.0 , 91.1 , 0.0
91.1 , 91.2 , 0.0
91.2 , 91.3 , 0.0
91.3 , 91.4 , 0.0
91.4 , 91.5 , 0.0
91.5 , 91.6 , 0.0
91.6 , 91.7 , 0.0
91.7 , 91.8 , 0.0
91.8 , 91.9 , 0.0
91.9 , 92.0 , 0.0
92.0 , 92.1 , 0.0
92.1 , 92.2 , 0.0
92.2 , 92.3 , 0.0
92.3 , 92.4 , 0.0
92.4 , 92.5 , 0.0
92.5 , 92.6 , 0.0
92.6 , 92.7 , 0.0
92.7 , 92.8 , 0.0
92.8 , 92.9 , 0.0
92.9 , 93.0 , 0.0
93.0 , 93.1 , 0.0
93.1 , 93.2 , 0.0
93.2 , 93.3 , 0.0
93.3 , 93.4 , 0.0
93.4 , 93.5 , 0.0
93.5 , 93.6 , 0.0
93.6 , 93.7 , 0.0
93.7 , 93.8 , 0.0
93.8 , 93.9 , 0.0
93.9 , 94.0 , 0.0
94.0 , 94.1 , 0.0
94.1 , 94.2 , 0.0
94.2 , 94.3 , 0.0
94.3 , 94.4 , 0.0
94.4 , 94.5 , 0.0
94.5 , 94.6 , 0.0
94.6 , 94.7 , 0.0
94.7 , 94.8 , 0.0
94.8 , 94.9 , 0.0
94.9 , 95.0 , 0.0
95.0 , 95.1 , 0.0
95.1 , 95.2 , 0.0
95.2 , 95.3 , 0.0
95.3 , 95.4 , 0.0
95.4 , 95.5 , 0.0
95.5 , 95.6 , 0.0
95.6 , 95.7 , 0.0
95.7 , 95.8 , 0.0
95.8 , 95.9 , 0.0
95.9 , 96.0 , 0.0
96.0 , 96.1 , 0.0
96.1 , 96.2 , 0.0
96.2 , 96.3 , 0.0
96.3 , 96.4 , 0.0
96.4 , 96.5 , 0.0
96.5 , 96.6 , 0.0
96.6 , 96.7 , 0.0
96.7 , 96.8 , 0.0
96.8 , 96.9 , 0.0
96.9 , 97.0 , 0.0
97.0 , 97.1 , 0.0
97.1 , 97.2 , 0.0
97.2 , 97.3 , 0.0
97.3 , 97.4 , 0.0
97.4 , 97.5 , 0.0
97.5 , 97.6 , 0.0
97.6 , 97.7 , 0.0
97.7 , 97.8 , 0.0
97.8 , 97.9 , 0.0
97.9 , 98.0 , 0.0
98.0 , 98.1 , 0.0
98.1 , 98.2 , 0.0
98.2 , 98.3 , 0.0
98.3 , 98.4 , 0.0
98.4 , 98.5 , 0.0
98.5 , 98.6 , 0.0
98.6 , 98.7 , 0.0
98.7 , 98.8 , 0.0
98.8 , 98.9 , 0.0
98.9 , 99.0 , 0.0
99.0 , 99.1 , 0.0
99.1 , 99.2 , 0.0
99.2 , 99.3 , 0.0
99.3 , 99.4 , 0.0
99.4 , 99.5 , 0.0
99.5 , 99.6 , 0.0
99.6 , 99.7 , 0.0
99.7 , 99.8 , 0.0
99.8 , 99.9 , 0.0
99.9 , 100.0 , 0.0
100.0 , 100.1 , 0.0
100.1 , 100.2 , 0.0
100.2 , 100.3 , 0.0
100.3 , 100.4 , 0.0
100.4 , 100.5 , 0.0
100.5 , 100.6 , 0.0
100.6 , 100.7 , 0.0
100.7 , 100.8 , 0.0
100.8 , 100.9 , 0.0
100.9 , 101.0 , 0.0
101.0 , 101.1 , 0.0
101.1 , 101.2 , 0.0
101.2 , 101.3 , 0.0
101.3 , 101.4 , 0.0
101.4 , 101.5 , 0.0
101.5 , 101.6 , 0.0
101.6 , 101.7 , 0.0
101.7 , 101.8 , 0.0
101.8 , 101.9 , 0.0
101.9 , 102.0 , 0.0
102.0 , 102.1 , 0.0
102.1 , 102.2 , 0.0
102.2 , 102.3 , 0.0
102.3 , 102.4 , 0.0
102.4 , 102.5 , 0.0
102.5 , 102.6 , 0.0
102.6 , 102.7 , 0.0
102.7 , 102.8 , 0.0
102.8 , 102.9 , 0.0
102.9 , 103.0 , 0.0
103.0 , 103.1 , 0.0
103.1 , 103.2 , 0.0
103.2 , 103.3 , 0.0
103.3 , 103.4 , 0.0
103.4 , 103.5 , 0.0
103.5 , 103.6 , 0.0
103.6 , 103.7 , 0.0
103.7 , 103.8 , 0.0
103.8 , 103.9 , 0.0
103.9 , 104.0 , 0.0
104.0 , 104.1 , 0.0
104.1 , 104.2 , 0.0
104.2 , 104.3 , 0.0
104.3 , 104.4 , 0.0
104.4 , 104.5 , 0.0
104.5 , 104.6 , 0.0
104.6 , 104.7 , 0.0
104.7 , 104.8 , 0.0
104.8 , 104.9 , 0.0
104.9 , 105.0 , 0.0
105.0 , 105.1 , 0.0
105.1 , 105.2 , 0.0
105.2 , 105.3 , 0.0
105.3 , 105.4 , 0.0
105.4 , 105.5 , 0.0
105.5 , 105.6 , 0.0
105.6 , 105.7 , 0.0
105.7 , 105.8 , 0.0
105.8 , 105.9 , 0.0
105.9 , 106.0 , 0.0
106.0 , 106.1 , 0.0
106.1 , 106.2 , 0.0
106.2 , 106.3 , 0.0
106.3 , 106.4 , 0.0
106.4 , 106.5 , 0.0
106.5 , 106.6 , 0.0
106.6 , 106.7 , 0.0
106.7 , 106.8 , 0.0
106.8 , 106.9 , 1.0
106.9 , 107.0 , 0.0
107.0 , 107.1 , 0.0
107.1 , 107.2 , 0.0
107.2 , 107.3 , 0.0
107.3 , 107.4 , 0.0
107.4 , 107.5 , 0.0
107.5 , 107.6 , 0.0
107.6 , 107.7 , 0.0
107.7 , 107.8 , 0.0
107.8 , 107.9 , 0.0
107.9 , 108.0 , 0.0
108.0 , 108.1 , 0.0
108.1 , 108.2 , 0.0
108.2 , 108.3 , 0.0
108.3 , 108.4 , 0.0
108.4 , 108.5 , 0.0
108.5 , 108.6 , 0.0
108.6 , 108.7 , 0.0
108.7 , 108.8 , 0.0
108.8 , 108.9 , 0.0
108.9 , 109.0 , 0.0
109.0 , 109.1 , 0.0
109.1 , 109.2 , 0.0
109.2 , 109.3 , 0.0
109.3 , 109.4 , 0.0
109.4 , 109.5 , 0.0
109.5 , 109.6 , 0.0
109.6 , 109.7 , 0.0
109.7 , 109.8 , 0.0
109.8 , 109.9 , 0.0
109.9 , 110.0 , 0.0
110.0 , 110.1 , 0.0
110.1 , 110.2 , 0.0
110.2 , 110.3 , 0.0
110.3 , 110.4 , 0.0
110.4 , 110.5 , 0.0
110.5 , 110.6 , 0.0
110.6 , 110.7 , 0.0
110.7 , 110.8 , 0.0
110.8 , 110.9 , 0.0
110.9 , 111.0 , 0.0
111.0 , 111.1 , 0.0
111.1 , 111.2 , 0.0
111.2 , 111.3 , 0.0
111.3 , 111.4 , 0.0
111.4 , 111.5 , 0.0
111.5 , 111.6 , 0.0
111.6 , 111.7 , 0.0
111.7 , 111.8 , 0.0
111.8 , 111.9 , 0.0
111.9 , 112.0 , 0.0
112.0 , 112.1 , 0.0
112.1 , 112.2 , 0.0
112.2 , 112.3 , 0.0
112.3 , 112.4 , 0.0
112.4 , 112.5 , 0.0
112.5 , 112.6 , 0.0
112.6 , 112.7 , 0.0
112.7 , 112.8 , 0.0
112.8 , 112.9 , 0.0
112.9 , 113.0 , 0.0
113.0 , 113.1 , 0.0
113.1 , 113.2 , 0.0
113.2 , 113.3 , 0.0
113.3 , 113.4 , 0.0
113.4 , 113.5 , 0.0
113.5 , 113.6 , 0.0
113.6 , 113.7 , 0.0
113.7 , 113.8 , 0.0
113.8 , 113.9 , 0.0
113.9 , 114.0 , 0.0
114.0 , 114.1 , 0.0
114.1 , 114.2 , 0.0
114.2 , 114.3 , 0.0
114.3 , 114.4 , 0.0
114.4 , 114.5 , 0.0
114.5 , 114.6 , 0.0
114.6 , 114.7 , 0.0
114.7 , 114.8 , 0.0
114.8 , 114.9 , 0.0
114.9 , 115.0 , 0.0
115.0 , 115.1 , 0.0
115.1 , 115.2 , 0.0
115.2 , 115.3 , 0.0
115.3 , 115.4 , 0.0
115.4 , 115.5 , 0.0
115.5 , 115.6 , 0.0
115.6 , 115.7 , 0.0
115.7 , 115.8 , 0.0
115.8 , 115.9 , 0.0
115.9 , 116.0 , 0.0
116.0 , 116.1 , 0.0
116.1 , 116.2 , 0.0
116.2 , 116.3 , 0.0
116.3 , 116.4 , 0.0
116.4 , 116.5 , 0.0
116.5 , 116.6 , 0.0
116.6 , 116.7 , 0.0
116.7 , 116.8 , 0.0
116.8 , 116.9 , 0.0
116.9 , 117.0 , 0.0
117.0 , 117.1 , 0.0
117.1 , 117.2 , 0.0
117.2 , 117.3 , 0.0
117.3 , 117.4 , 0.0
117.4 , 117.5 , 0.0
117.5 , 117.6 , 0.0
117.6 , 117.7 , 0.0
117.7 , 117.8 , 0.0
117.8 , 117.9 , 0.0
117.9 , 118.0 , 0.0
118.0 , 118.1 , 0.0
118.1 , 118.2 , 0.0
118.2 , 118.3 , 0.0
118.3 , 118.4 , 0.0
118.4 , 118.5 , 0.0
118.5 , 118.6 , 0.0
118.6 , 118.7 , 0.0
118.7 , 118.8 , 0.0
118.8 , 118.9 , 0.0
118.9 , 119.0 , 0.0
119.0 , 119.1 , 0.0
119.1 , 119.2 , 0.0
119.2 , 119.3 , 0.0
119.3 , 119.4 , 0.0
119.4 , 119.5 , 0.0
119.5 , 119.6 , 0.0
119.6 , 119.7 , 0.0
119.7 , 119.8 , 0.0
119.8 , 119.9 , 0.0
119.9 , 120.0 , 0.0
120.0 , 120.1 , 0.0
120.1 , 120.2 , 0.0
120.2 , 120.3 , 0.0
120.3 , 120.4 , 0.0
120.4 , 120.5 , 0.0
120.5 , 120.6 , 0.0
120.6 , 120.7 , 0.0
120.7 , 120.8 , 0.0
120.8 , 120.9 , 0.0
120.9 , 121.0 , 0.0
121.0 , 121.1 , 0.0
121.1 , 121.2 , 0.0
121.2 , 121.3 , 0.0
121.3 , 121.4 , 0.0
121.4 , 121.5 , 0.0
121.5 , 121.6 , 0.0
121.6 , 121.7 , 0.0
121.7 , 121.8 , 0.0
121.8 , 121.9 , 0.0
121.9 , 122.0 , 0.0
122.0 , 122.1 , 0.0
122.1 , 122.2 , 0.0
122.2 , 122.3 , 0.0
122.3 , 122.4 , 0.0
122.4 , 122.5 , 0.0
122.5 , 122.6 , 0.0
122.6 , 122.7 , 0.0
122.7 , 122.8 , 0.0
122.8 , 122.9 , 0.0
122.9 , 123.0 , 0.0
123.0 , 123.1 , 0.0
123.1 , 123.2 , 0.0
123.2 , 123.3 , 0.0
123.3 , 123.4 , 0.0
123.4 , 123.5 , 0.0
123.5 , 123.6 , 0.0
123.6 , 123.7 , 0.0
123.7 , 123.8 , 0.0
123.8 , 123.9 , 0.0
123.9 , 124.0 , 0.0
124.0 , 124.1 , 0.0
124.1 , 124.2 , 0.0
124.2 , 124.3 , 0.0
124.3 , 124.4 , 0.0
124.4 , 124.5 , 0.0
124.5 , 124.6 , 0.0
124.6 , 124.7 , 0.0
124.7 , 124.8 , 0.0
124.8 , 124.9 , 0.0
124.9 , 125.0 , 0.0
125.0 , 125.1 , 0.0
125.1 , 125.2 , 0.0
125.2 , 125.3 , 0.0
125.3 , 125.4 , 0.0
125.4 , 125.5 , 0.0
125.5 , 125.6 , 0.0
125.6 , 125.7 , 0.0
125.7 , 125.8 , 0.0
125.8 , 125.9 , 0.0
125.9 , 126.0 , 0.0
126.0 , 126.1 , 0.0
126.1 , 126.2 , 0.0
126.2 , 126.3 , 0.0
126.3 , 126.4 , 0.0
126.4 , 126.5 , 0.0
126.5 , 126.6 , 0.0
126.6 , 126.7 , 0.0
126.7 , 126.8 , 0.0
126.8 , 126.9 , 0.0
126.9 , 127.0 , 0.0
127.0 , 127.1 , 0.0
127.1 , 127.2 , 0.0
127.2 , 127.3 , 0.0
127.3 , 127.4 , 0.0
127.4 , 127.5 , 0.0
127.5 , 127.6 , 0.0
127.6 , 127.7 , 0.0
127.7 , 127.8 , 0.0
127.8 , 127.9 , 0.0
127.9 , 128.0 , 0.0
128.0 , 128.1 , 0.0
128.1 , 128.2 , 0.0
128.2 , 128.3 , 0.0
128.3 , 128.4 , 0.0
128.4 , 128.5 , 0.0
128.5 , 128.6 , 0.0
128.6 , 128.7 , 0.0
128.7 , 128.8 , 0.0
128.8 , 128.9 , 0.0
128.9 , 129.0 , 0.0
129.0 , 129.1 , 0.0
129.1 , 129.2 , 0.0
129.2 , 129.3 , 0.0
129.3 , 129.4 , 0.0
129.4 , 129.5 , 0.0
129.5 , 129.6 , 0.0
129.6 , 129.7 , 0.0
129.7 , 129.8 , 0.0
129.8 , 129.9 , 0.0
129.9 , 130.0 , 0.0
130.0 , 130.1 , 0.0
130.1 , 130.2 , 0.0
130.2 , 130.3 , 0.0
130.3 , 130.4 , 0.0
130.4 , 130.5 , 0.0
130.5 , 130.6 , 0.0
130.6 , 130.7 , 0.0
130.7 , 130.8 , 0.0
130.8 , 130.9 , 0.0
130.9 , 131.0 , 0.0
131.0 , 131.1 , 0.0
131.1 , 131.2 , 0.0
131.2 , 131.3 , 0.0
131.3 , 131.4 , 0.0
131.4 , 131.5 , 0.0
131.5 , 131.6 , 0.0
131.6 , 131.7 , 0.0
131.7 , 131.8 , 0.0
131.8 , 131.9 , 0.0
131.9 , 132.0 , 0.0
132.0 , 132.1 , 0.0
132.1 , 132.2 , 0.0
132.2 , 132.3 , 0.0
132.3 , 132.4 , 0.0
132.4 , 132.5 , 0.0
132.5 , 132.6 , 0.0
132.6 , 132.7 , 0.0
132.7 , 132.8 , 0.0
132.8 , 132.9 , 0.0
132.9 , 133.0 , 0.0
133.0 , 133.1 , 0.0
133.1 , 133.2 , 0.0
133.2 , 133.3 , 0.0
133.3 , 133.4 , 0.0
133.4 , 133.5 , 0.0
133.5 , 133.6 , 0.0
133.6 , 133.7 , 0.0
133.7 , 133.8 , 0.0
133.8 , 133.9 , 0.0
133.9 , 134.0 , 0.0
134.0 , 134.1 , 0.0
134.1 , 134.2 , 0.0
134.2 , 134.3 , 0.0
134.3 , 134.4 , 0.0
134.4 , 134.5 , 0.0
134.5 , 134.6 , 0.0
134.6 , 134.7 , 0.0
134.7 , 134.8 , 0.0
134.8 , 134.9 , 0.0
134.9 , 135.0 , 0.0
135.0 , 135.1 , 0.0
135.1 , 135.2 , 0.0
135.2 , 135.3 , 0.0
135.3 , 135.4 , 0.0
135.4 , 135.5 , 0.0
135.5 , 135.6 , 0.0
135.6 , 135.7 , 0.0
135.7 , 135.8 , 0.0
135.8 , 135.9 , 0.0
135.9 , 136.0 , 0.0
136.0 , 136.1 , 0.0
136.1 , 136.2 , 0.0
136.2 , 136.3 , 0.0
136.3 , 136.4 , 0.0
136.4 , 136.5 , 0.0
136.5 , 136.6 , 0.0
136.6 , 136.7 , 0.0
136.7 , 136.8 , 0.0
136.8 , 136.9 , 0.0
136.9 , 137.0 , 0.0
137.0 , 137.1 , 0.0
137.1 , 137.2 , 0.0
137.2 , 137.3 , 0.0
137.3 , 137.4 , 0.0
137.4 , 137.5 , 0.0
137.5 , 137.6 , 0.0
137.6 , 137.7 , 0.0
137.7 , 137.8 , 0.0
137.8 , 137.9 , 0.0
137.9 , 138.0 , 0.0
138.0 , 138.1 , 0.0
138.1 , 138.2 , 0.0
138.2 , 138.3 , 0.0
138.3 , 138.4 , 0.0
138.4 , 138.5 , 0.0
138.5 , 138.6 , 0.0
138.6 , 138.7 , 0.0
138.7 , 138.8 , 0.0
138.8 , 138.9 , 0.0
138.9 , 139.0 , 0.0
139.0 , 139.1 , 0.0
139.1 , 139.2 , 0.0
139.2 , 139.3 , 0.0
139.3 , 139.4 , 0.0
139.4 , 139.5 , 0.0
139.5 , 139.6 , 0.0
139.6 , 139.7 , 0.0
139.7 , 139.8 , 0.0
139.8 , 139.9 , 0.0
139.9 , 140.0 , 0.0
140.0 , 140.1 , 0.0
140.1 , 140.2 , 0.0
140.2 , 140.3 , 0.0
140.3 , 140.4 , 0.0
140.4 , 140.5 , 0.0
140.5 , 140.6 , 0.0
140.6 , 140.7 , 0.0
140.7 , 140.8 , 0.0
140.8 , 140.9 , 0.0
140.9 , 141.0 , 0.0
141.0 , 141.1 , 0.0
141.1 , 141.2 , 0.0
141.2 , 141.3 , 0.0
141.3 , 141.4 , 0.0
141.4 , 141.5 , 0.0
141.5 , 141.6 , 0.0
141.6 , 141.7 , 0.0
141.7 , 141.8 , 0.0
141.8 , 141.9 , 0.0
141.9 , 142.0 , 0.0
142.0 , 142.1 , 0.0
142.1 , 142.2 , 0.0
142.2 , 142.3 , 0.0
142.3 , 142.4 , 0.0
142.4 , 142.5 , 0.0
142.5 , 142.6 , 0.0
142.6 , 142.7 , 0.0
142.7 , 142.8 , 0.0
142.8 , 142.9 , 0.0
142.9 , 143.0 , 0.0
143.0 , 143.1 , 0.0
143.1 , 143.2 , 0.0
143.2 , 143.3 , 0.0
143.3 , 143.4 , 0.0
143.4 , 143.5 , 0.0
143.5 , 143.6 , 0.0
143.6 , 143.7 , 0.0
143.7 , 143.8 , 0.0
143.8 , 143.9 , 0.0
143.9 , 144.0 , 0.0
144.0 , 144.1 , 0.0
144.1 , 144.2 , 0.0
144.2 , 144.3 , 0.0
144.3 , 144.4 , 0.0
144.4 , 144.5 , 0.0
144.5 , 144.6 , 0.0
144.6 , 144.7 , 0.0
144.7 , 144.8 , 0.0
144.8 , 144.9 , 0.0
144.9 , 145.0 , 0.0
145.0 , 145.1 , 0.0
145.1 , 145.2 , 0.0
145.2 , 145.3 , 0.0
145.3 , 145.4 , 0.0
145.4 , 145.5 , 0.0
145.5 , 145.6 , 0.0
145.6 , 145.7 , 0.0
145.7 , 145.8 , 0.0
145.8 , 145.9 , 0.0
145.9 , 146.0 , 0.0
146.0 , 146.1 , 0.0
146.1 , 146.2 , 0.0
146.2 , 146.3 , 0.0
146.3 , 146.4 , 0.0
146.4 , 146.5 , 0.0
146.5 , 146.6 , 0.0
146.6 , 146.7 , 0.0
146.7 , 146.8 , 0.0
146.8 , 146.9 , 0.0
146.9 , 147.0 , 0.0
147.0 , 147.1 , 0.0
147.1 , 147.2 , 0.0
147.2 , 147.3 , 0.0
147.3 , 147.4 , 0.0
147.4 , 147.5 , 0.0
147.5 , 147.6 , 0.0
147.6 , 147.7 , 0.0
147.7 , 147.8 , 0.0
147.8 , 147.9 , 0.0
147.9 , 148.0 , 0.0
148.0 , 148.1 , 0.0
148.1 , 148.2 , 0.0
148.2 , 148.3 , 0.0
148.3 , 148.4 , 0.0
148.4 , 148.5 , 0.0
148.5 , 148.6 , 0.0
148.6 , 148.7 , 0.0
148.7 , 148.8 , 0.0
148.8 , 148.9 , 0.0
148.9 , 149.0 , 0.0
149.0 , 149.1 , 0.0
149.1 , 149.2 , 0.0
149.2 , 149.3 , 0.0
149.3 , 149.4 , 0.0
149.4 , 149.5 , 0.0
149.5 , 149.6 , 0.0
149.6 , 149.7 , 0.0
149.7 , 149.8 , 0.0
149.8 , 149.9 , 0.0
149.9 , 150.0 , 0.0
150.0 , 150.1 , 0.0
150.1 , 150.2 , 0.0
150.2 , 150.3 , 0.0
150.3 , 150.4 , 0.0
150.4 , 150.5 , 0.0
150.5 , 150.6 , 0.0
150.6 , 150.7 , 0.0
150.7 , 150.8 , 0.0
150.8 , 150.9 , 0.0
150.9 , 151.0 , 0.0
151.0 , 151.1 , 0.0
151.1 , 151.2 , 0.0
151.2 , 151.3 , 0.0
151.3 , 151.4 , 0.0
151.4 , 151.5 , 0.0
151.5 , 151.6 , 0.0
151.6 , 151.7 , 0.0
151.7 , 151.8 , 0.0
151.8 , 151.9 , 0.0
151.9 , 152.0 , 0.0
152.0 , 152.1 , 0.0
152.1 , 152.2 , 0.0
152.2 , 152.3 , 0.0
152.3 , 152.4 , 0.0
152.4 , 152.5 , 0.0
152.5 , 152.6 , 0.0
152.6 , 152.7 , 0.0
152.7 , 152.8 , 0.0
152.8 , 152.9 , 0.0
152.9 , 153.0 , 0.0
153.0 , 153.1 , 0.0
153.1 , 153.2 , 0.0
153.2 , 153.3 , 0.0
153.3 , 153.4 , 0.0
153.4 , 153.5 , 0.0
153.5 , 153.6 , 0.0
153.6 , 153.7 , 0.0
153.7 , 153.8 , 0.0
153.8 , 153.9 , 0.0
153.9 , 154.0 , 0.0
154.0 , 154.1 , 0.0
154.1 , 154.2 , 0.0
154.2 , 154.3 , 0.0
154.3 , 154.4 , 0.0
154.4 , 154.5 , 0.0
154.5 , 154.6 , 0.0
154.6 , 154.7 , 0.0
154.7 , 154.8 , 0.0
154.8 , 154.9 , 0.0
154.9 , 155.0 , 0.0
155.0 , 155.1 , 0.0
155.1 , 155.2 , 0.0
155.2 , 155.3 , 0.0
155.3 , 155.4 , 0.0
155.4 , 155.5 , 0.0
155.5 , 155.6 , 0.0
155.6 , 155.7 , 0.0
155.7 , 155.8 , 0.0
155.8 , 155.9 , 0.0
155.9 , 156.0 , 0.0
156.0 , 156.1 , 0.0
156.1 , 156.2 , 0.0
156.2 , 156.3 , 0.0
156.3 , 156.4 , 0.0
156.4 , 156.5 , 0.0
156.5 , 156.6 , 0.0
156.6 , 156.7 , 0.0
156.7 , 156.8 , 0.0
156.8 , 156.9 , 0.0
156.9 , 157.0 , 0.0
157.0 , 157.1 , 0.0
157.1 , 157.2 , 0.0
157.2 , 157.3 , 0.0
157.3 , 157.4 , 0.0
157.4 , 157.5 , 0.0
157.5 , 157.6 , 0.0
157.6 , 157.7 , 0.0
157.7 , 157.8 , 0.0
157.8 , 157.9 , 0.0
157.9 , 158.0 , 0.0
158.0 , 158.1 , 0.0
158.1 , 158.2 , 0.0
158.2 , 158.3 , 0.0
158.3 , 158.4 , 0.0
158.4 , 158.5 , 0.0
158.5 , 158.6 , 0.0
158.6 , 158.7 , 0.0
158.7 , 158.8 , 0.0
158.8 , 158.9 , 0.0
158.9 , 159.0 , 0.0
159.0 , 159.1 , 0.0
159.1 , 159.2 , 0.0
159.2 , 159.3 , 0.0
159.3 , 159.4 , 0.0
159.4 , 159.5 , 0.0
159.5 , 159.6 , 0.0
159.6 , 159.7 , 0.0
159.7 , 159.8 , 0.0
159.8 , 159.9 , 0.0
159.9 , 160.0 , 0.0
160.0 , 160.1 , 0.0
160.1 , 160.2 , 0.0
160.2 , 160.3 , 0.0
160.3 , 160.4 , 0.0
160.4 , 160.5 , 0.0
160.5 , 160.6 , 0.0
160.6 , 160.7 , 0.0
160.7 , 160.8 , 0.0
160.8 , 160.9 , 0.0
160.9 , 161.0 , 0.0
161.0 , 161.1 , 0.0
161.1 , 161.2 , 0.0
161.2 , 161.3 , 0.0
161.3 , 161.4 , 0.0
161.4 , 161.5 , 0.0
161.5 , 161.6 , 0.0
161.6 , 161.7 , 0.0
161.7 , 161.8 , 0.0
161.8 , 161.9 , 0.0
161.9 , 162.0 , 0.0
162.0 , 162.1 , 0.0
162.1 , 162.2 , 0.0
162.2 , 162.3 , 0.0
162.3 , 162.4 , 0.0
162.4 , 162.5 , 0.0
162.5 , 162.6 , 0.0
162.6 , 162.7 , 0.0
162.7 , 162.8 , 0.0
162.8 , 162.9 , 0.0
162.9 , 163.0 , 0.0
163.0 , 163.1 , 0.0
163.1 , 163.2 , 0.0
163.2 , 163.3 , 0.0
163.3 , 163.4 , 0.0
163.4 , 163.5 , 0.0
163.5 , 163.6 , 0.0
163.6 , 163.7 , 0.0
163.7 , 163.8 , 0.0
163.8 , 163.9 , 0.0
163.9 , 164.0 , 0.0
164.0 , 164.1 , 0.0
164.1 , 164.2 , 0.0
164.2 , 164.3 , 0.0
164.3 , 164.4 , 0.0
164.4 , 164.5 , 0.0
164.5 , 164.6 , 0.0
164.6 , 164.7 , 0.0
164.7 , 164.8 , 0.0
164.8 , 164.9 , 0.0
164.9 , 165.0 , 0.0
165.0 , 165.1 , 0.0
165.1 , 165.2 , 0.0
165.2 , 165.3 , 0.0
165.3 , 165.4 , 0.0
165.4 , 165.5 , 0.0
165.5 , 165.6 , 0.0
165.6 , 165.7 , 0.0
165.7 , 165.8 , 0.0
165.8 , 165.9 , 0.0
165.9 , 166.0 , 0.0
166.0 , 166.1 , 0.0
166.1 , 166.2 , 0.0
166.2 , 166.3 , 0.0
166.3 , 166.4 , 0.0
166.4 , 166.5 , 0.0
166.5 , 166.6 , 0.0
166.6 , 166.7 , 0.0
166.7 , 166.8 , 0.0
166.8 , 166.9 , 0.0
166.9 , 167.0 , 0.0
167.0 , 167.1 , 0.0
167.1 , 167.2 , 0.0
167.2 , 167.3 , 0.0
167.3 , 167.4 , 0.0
167.4 , 167.5 , 0.0
167.5 , 167.6 , 0.0
167.6 , 167.7 , 0.0
167.7 , 167.8 , 0.0
167.8 , 167.9 , 0.0
167.9 , 168.0 , 0.0
168.0 , 168.1 , 0.0
168.1 , 168.2 , 0.0
168.2 , 168.3 , 0.0
168.3 , 168.4 , 0.0
168.4 , 168.5 , 0.0
168.5 , 168.6 , 0.0
168.6 , 168.7 , 0.0
168.7 , 168.8 , 0.0
168.8 , 168.9 , 0.0
168.9 , 169.0 , 0.0
169.0 , 169.1 , 0.0
169.1 , 169.2 , 0.0
169.2 , 169.3 , 0.0
169.3 , 169.4 , 0.0
169.4 , 169.5 , 0.0
169.5 , 169.6 , 0.0
169.6 , 169.7 , 0.0
169.7 , 169.8 , 0.0
169.8 , 169.9 , 0.0
169.9 , 170.0 , 0.0
170.0 , 170.1 , 0.0
170.1 , 170.2 , 0.0
170.2 , 170.3 , 0.0
170.3 , 170.4 , 0.0
170.4 , 170.5 , 0.0
170.5 , 170.6 , 0.0
170.6 , 170.7 , 0.0
170.7 , 170.8 , 0.0
170.8 , 170.9 , 0.0
170.9 , 171.0 , 0.0
171.0 , 171.1 , 0.0
171.1 , 171.2 , 0.0
171.2 , 171.3 , 0.0
171.3 , 171.4 , 0.0
171.4 , 171.5 , 0.0
171.5 , 171.6 , 0.0
171.6 , 171.7 , 0.0
171.7 , 171.8 , 0.0
171.8 , 171.9 , 0.0
171.9 , 172.0 , 0.0
172.0 , 172.1 , 0.0
172.1 , 172.2 , 0.0
172.2 , 172.3 , 0.0
172.3 , 172.4 , 0.0
172.4 , 172.5 , 0.0
172.5 , 172.6 , 0.0
172.6 , 172.7 , 0.0
172.7 , 172.8 , 0.0
172.8 , 172.9 , 0.0
172.9 , 173.0 , 0.0
173.0 , 173.1 , 0.0
173.1 , 173.2 , 0.0
173.2 , 173.3 , 0.0
173.3 , 173.4 , 0.0
173.4 , 173.5 , 0.0
173.5 , 173.6 , 0.0
173.6 , 173.7 , 0.0
173.7 , 173.8 , 0.0
173.8 , 173.9 , 0.0
173.9 , 174.0 , 0.0
174.0 , 174.1 , 0.0
174.1 , 174.2 , 0.0
174.2 , 174.3 , 0.0
174.3 , 174.4 , 0.0
174.4 , 174.5 , 0.0
174.5 , 174.6 , 0.0
174.6 , 174.7 , 0.0
174.7 , 174.8 , 0.0
174.8 , 174.9 , 0.0
174.9 , 175.0 , 0.0
175.0 , 175.1 , 0.0
175.1 , 175.2 , 0.0
175.2 , 175.3 , 0.0
175.3 , 175.4 , 0.0
175.4 , 175.5 , 0.0
175.5 , 175.6 , 0.0
175.6 , 175.7 , 0.0
175.7 , 175.8 , 0.0
175.8 , 175.9 , 0.0
175.9 , 176.0 , 0.0
176.0 , 176.1 , 0.0
176.1 , 176.2 , 0.0
176.2 , 176.3 , 0.0
176.3 , 176.4 , 0.0
176.4 , 176.5 , 0.0
176.5 , 176.6 , 0.0
176.6 , 176.7 , 0.0
176.7 , 176.8 , 0.0
176.8 , 176.9 , 0.0
176.9 , 177.0 , 0.0
177.0 , 177.1 , 0.0
177.1 , 177.2 , 0.0
177.2 , 177.3 , 0.0
177.3 , 177.4 , 0.0
177.4 , 177.5 , 0.0
177.5 , 177.6 , 0.0
177.6 , 177.7 , 0.0
177.7 , 177.8 , 0.0
177.8 , 177.9 , 0.0
177.9 , 178.0 , 0.0
178.0 , 178.1 , 0.0
178.1 , 178.2 , 0.0
178.2 , 178.3 , 0.0
178.3 , 178.4 , 0.0
178.4 , 178.5 , 0.0
178.5 , 178.6 , 0.0
178.6 , 178.7 , 0.0
178.7 , 178.8 , 0.0
178.8 , 178.9 , 0.0
178.9 , 179.0 , 0.0
179.0 , 179.1 , 0.0
179.1 , 179.2 , 0.0
179.2 , 179.3 , 0.0
179.3 , 179.4 , 0.0
179.4 , 179.5 , 0.0
179.5 , 179.6 , 0.0
179.6 , 179.7 , 0.0
179.7 , 179.8 , 0.0
179.8 , 179.9 , 0.0
179.9 , 180.0 , 0.0
180.0 , 180.1 , 0.0
180.1 , 180.2 , 0.0
180.2 , 180.3 , 0.0
180.3 , 180.4 , 0.0
180.4 , 180.5 , 0.0
180.5 , 180.6 , 0.0
180.6 , 180.7 , 0.0
180.7 , 180.8 , 0.0
180.8 , 180.9 , 0.0
180.9 , 181.0 , 0.0
181.0 , 181.1 , 0.0
181.1 , 181.2 , 0.0
181.2 , 181.3 , 0.0
181.3 , 181.4 , 0.0
181.4 , 181.5 , 0.0
181.5 , 181.6 , 0.0
181.6 , 181.7 , 0.0
181.7 , 181.8 , 0.0
181.8 , 181.9 , 0.0
181.9 , 182.0 , 0.0
182.0 , 182.1 , 0.0
182.1 , 182.2 , 0.0
182.2 , 182.3 , 0.0
182.3 , 182.4 , 0.0
182.4 , 182.5 , 0.0
182.5 , 182.6 , 0.0
182.6 , 182.7 , 0.0
182.7 , 182.8 , 0.0
182.8 , 182.9 , 0.0
182.9 , 183.0 , 0.0
183.0 , 183.1 , 0.0
183.1 , 183.2 , 0.0
183.2 , 183.3 , 0.0
183.3 , 183.4 , 0.0
183.4 , 183.5 , 0.0
183.5 , 183.6 , 0.0
183.6 , 183.7 , 0.0
183.7 , 183.8 , 0.0
183.8 , 183.9 , 0.0
183.9 , 184.0 , 0.0
184.0 , 184.1 , 0.0
184.1 , 184.2 , 0.0
184.2 , 184.3 , 0.0
184.3 , 184.4 , 0.0
184.4 , 184.5 , 0.0
184.5 , 184.6 , 0.0
184.6 , 184.7 , 0.0
184.7 , 184.8 , 0.0
184.8 , 184.9 , 0.0
184.9 , 185.0 , 0.0
185.0 , 185.1 , 0.0
185.1 , 185.2 , 0.0
185.2 , 185.3 , 0.0
185.3 , 185.4 , 0.0
185.4 , 185.5 , 0.0
185.5 , 185.6 , 0.0
185.6 , 185.7 , 0.0
185.7 , 185.8 , 0.0
185.8 , 185.9 , 0.0
185.9 , 186.0 , 0.0
186.0 , 186.1 , 0.0
186.1 , 186.2 , 0.0
186.2 , 186.3 , 0.0
186.3 , 186.4 , 0.0
186.4 , 186.5 , 0.0
186.5 , 186.6 , 0.0
186.6 , 186.7 , 0.0
186.7 , 186.8 , 0.0
186.8 , 186.9 , 0.0
186.9 , 187.0 , 0.0
187.0 , 187.1 , 0.0
187.1 , 187.2 , 0.0
187.2 , 187.3 , 0.0
187.3 , 187.4 , 0.0
187.4 , 187.5 , 0.0
187.5 , 187.6 , 0.0
187.6 , 187.7 , 0.0
187.7 , 187.8 , 0.0
187.8 , 187.9 , 0.0
187.9 , 188.0 , 0.0
188.0 , 188.1 , 0.0
188.1 , 188.2 , 0.0
188.2 , 188.3 , 0.0
188.3 , 188.4 , 0.0
188.4 , 188.5 , 0.0
188.5 , 188.6 , 0.0
188.6 , 188.7 , 0.0
188.7 , 188.8 , 0.0
188.8 , 188.9 , 0.0
188.9 , 189.0 , 0.0
189.0 , 189.1 , 0.0
189.1 , 189.2 , 0.0
189.2 , 189.3 , 0.0
189.3 , 189.4 , 0.0
189.4 , 189.5 , 0.0
189.5 , 189.6 , 0.0
189.6 , 189.7 , 0.0
189.7 , 189.8 , 0.0
189.8 , 189.9 , 0.0
189.9 , 190.0 , 0.0
190.0 , 190.1 , 0.0
190.1 , 190.2 , 0.0
190.2 , 190.3 , 0.0
190.3 , 190.4 , 0.0
190.4 , 190.5 , 0.0
190.5 , 190.6 , 0.0
190.6 , 190.7 , 0.0
190.7 , 190.8 , 0.0
190.8 , 190.9 , 0.0
190.9 , 191.0 , 0.0
191.0 , 191.1 , 0.0
191.1 , 191.2 , 0.0
191.2 , 191.3 , 0.0
191.3 , 191.4 , 0.0
191.4 , 191.5 , 0.0
191.5 , 191.6 , 0.0
191.6 , 191.7 , 0.0
191.7 , 191.8 , 0.0
191.8 , 191.9 , 0.0
191.9 , 192.0 , 0.0
192.0 , 192.1 , 0.0
192.1 , 192.2 , 0.0
192.2 , 192.3 , 0.0
192.3 , 192.4 , 0.0
192.4 , 192.5 , 0.0
192.5 , 192.6 , 0.0
192.6 , 192.7 , 0.0
192.7 , 192.8 , 0.0
192.8 , 192.9 , 0.0
192.9 , 193.0 , 0.0
193.0 , 193.1 , 0.0
193.1 , 193.2 , 0.0
193.2 , 193.3 , 0.0
193.3 , 193.4 , 0.0
193.4 , 193.5 , 0.0
193.5 , 193.6 , 0.0
193.6 , 193.7 , 0.0
193.7 , 193.8 , 0.0
193.8 , 193.9 , 0.0
193.9 , 194.0 , 0.0
194.0 , 194.1 , 0.0
194.1 , 194.2 , 0.0
194.2 , 194.3 , 0.0
194.3 , 194.4 , 0.0
194.4 , 194.5 , 0.0
194.5 , 194.6 , 0.0
194.6 , 194.7 , 0.0
194.7 , 194.8 , 0.0
194.8 , 194.9 , 0.0
194.9 , 195.0 , 0.0
195.0 , 195.1 , 0.0
195.1 , 195.2 , 0.0
195.2 , 195.3 , 0.0
195.3 , 195.4 , 0.0
195.4 , 195.5 , 0.0
195.5 , 195.6 , 0.0
195.6 , 195.7 , 0.0
195.7 , 195.8 , 0.0
195.8 , 195.9 , 0.0
195.9 , 196.0 , 0.0
196.0 , 196.1 , 0.0
196.1 , 196.2 , 0.0
196.2 , 196.3 , 0.0
196.3 , 196.4 , 0.0
196.4 , 196.5 , 0.0
196.5 , 196.6 , 0.0
196.6 , 196.7 , 0.0
196.7 , 196.8 , 0.0
196.8 , 196.9 , 0.0
196.9 , 197.0 , 0.0
197.0 , 197.1 , 0.0
197.1 , 197.2 , 0.0
197.2 , 197.3 , 0.0
197.3 , 197.4 , 0.0
197.4 , 197.5 , 0.0
197.5 , 197.6 , 0.0
197.6 , 197.7 , 0.0
197.7 , 197.8 , 0.0
197.8 , 197.9 , 0.0
197.9 , 198.0 , 0.0
198.0 , 198.1 , 0.0
198.1 , 198.2 , 0.0
198.2 , 198.3 , 0.0
198.3 , 198.4 , 0.0
198.4 , 198.5 , 0.0
198.5 , 198.6 , 0.0
198.6 , 198.7 , 0.0
198.7 , 198.8 , 0.0
198.8 , 198.9 , 0.0
198.9 , 199.0 , 0.0
199.0 , 199.1 , 0.0
199.1 , 199.2 , 0.0
199.2 , 199.3 , 0.0
199.3 , 199.4 , 0.0
199.4 , 199.5 , 0.0
199.5 , 199.6 , 0.0
199.6 , 199.7 , 0.0
199.7 , 199.8 , 0.0
199.8 , 199.9 , 0.0
199.9 , 200.0 , 0.0
200.0 , 200.1 , 0.0
200.1 , 200.2 , 0.0
200.2 , 200.3 , 0.0
200.3 , 200.4 , 0.0
200.4 , 200.5 , 0.0
200.5 , 200.6 , 0.0
200.6 , 200.7 , 0.0
200.7 , 200.8 , 0.0
200.8 , 200.9 , 0.0
200.9 , 201.0 , 0.0
201.0 , 201.1 , 0.0
201.1 , 201.2 , 0.0
201.2 , 201.3 , 0.0
201.3 , 201.4 , 0.0
201.4 , 201.5 , 0.0
201.5 , 201.6 , 0.0
201.6 , 201.7 , 0.0
201.7 , 201.8 , 0.0
201.8 , 201.9 , 0.0
201.9 , 202.0 , 0.0
202.0 , 202.1 , 0.0
202.1 , 202.2 , 0.0
202.2 , 202.3 , 0.0
202.3 , 202.4 , 0.0
202.4 , 202.5 , 0.0
202.5 , 202.6 , 0.0
202.6 , 202.7 , 0.0
202.7 , 202.8 , 0.0
202.8 , 202.9 , 0.0
202.9 , 203.0 , 0.0
203.0 , 203.1 , 0.0
203.1 , 203.2 , 0.0
203.2 , 203.3 , 0.0
203.3 , 203.4 , 0.0
203.4 , 203.5 , 0.0
203.5 , 203.6 , 0.0
203.6 , 203.7 , 0.0
203.7 , 203.8 , 0.0
203.8 , 203.9 , 0.0
203.9 , 204.0 , 1.0
